Ja
54
184 115 9 4
214 530 4 5
115 407 5 19
115 510 19 51
686 87 51 75
296 311 75 91
414 83 91 494
633 32 494 668
521 541 668 100
271 95 100 104
99 161 104 112
160 284 112 113
565 109 113 129
145 649 129 136
464 375 136 174
361 172 174 194
436 541 194 195
242 187 195 197
619 699 197 207
606 382 207 208
452 689 208 573
322 41 573 232
296 521 232 241
202 276 241 247
620 101 247 251
368 564 251 254
199 116 254 262
345 409 262 263
413 296 263 324
368 667 324 266
654 505 266 285
450 326 285 289
172 630 289 292
361 9 292 315
364 409 315 325
584 55 325 343
436 375 343 355
567 201 355 366
519 99 366 389
563 98 389 471
161 601 471 475
569 237 475 483
316 78 483 513
321 310 513 514
688 212 514 525
411 216 525 540
394 323 540 551
360 532 551 582
312 375 582 596
480 384 596 609
547 170 609 637
337 328 637 680
33 578 680 681
345 426 681 683
