700 925
628 565
87 311
545 464
20 657
209 682
283 248
9 666
405 347
162 341
485 364
657 407
148 35
328 382
639 367
196 510
301 365
394 602
143 364
94 462
564 236
152 27
437 563
162 206
432 457
568 429
411 342
144 566
565 587
253 108
333 600
225 509
34 15
461 352
272 15
245 487
229 372
63 358
329 468
192 579
685 342
554 137
59 226
133 273
218 43
160 45
293 420
107 629
81 29
656 347
459 470
54 641
432 11
349 409
666 399
209 150
61 271
675 148
172 642
670 581
653 686
202 512
602 18
385 624
465 504
176 147
149 258
508 127
199 613
74 362
237 487
301 98
306 185
539 98
612 294
190 384
491 650
187 635
156 666
534 436
275 626
221 228
277 556
76 29
687 387
204 413
461 189
338 413
535 437
361 378
599 606
586 508
573 227
431 193
142 358
83 559
502 512
68 418
538 144
255 671
598 215
25 465
414 655
275 118
422 528
165 597
162 699
67 71
287 303
517 518
135 453
657 687
500 694
565 67
116 201
41 436
14 568
456 535
311 120
39 512
178 670
566 666
361 535
618 308
682 649
214 611
592 560
657 42
675 42
135 583
597 184
468 420
484 96
619 69
640 384
278 11
79 660
245 57
570 553
385 614
371 441
399 300
179 10
324 264
382 156
372 9
57 510
21 575
29 677
333 13
25 298
686 414
139 329
561 504
559 604
643 187
39 89
584 234
301 196
88 210
339 259
605 571
480 146
211 689
570 321
189 698
659 589
450 139
535 688
565 166
158 6
620 646
205 203
550 667
238 410
625 613
73 95
61 368
678 60
678 71
430 10
115 586
689 549
125 380
101 697
646 649
24 584
331 503
173 545
417 506
490 217
399 109
328 577
120 68
189 428
211 428
365 486
21 206
369 633
240 76
126 497
418 33
130 369
587 435
98 398
632 319
188 89
56 401
476 695
151 419
444 351
402 280
336 693
22 543
656 603
578 408
599 685
636 300
209 616
507 140
439 310
638 217
406 663
116 397
124 11
530 689
373 34
503 595
237 296
527 288
326 392
32 421
79 133
467 419
28 307
493 61
640 87
430 89
511 568
286 21
1 317
161 696
517 94
642 246
143 428
371 41
203 153
141 476
450 153
693 396
242 72
580 46
222 126
574 411
127 150
360 57
528 466
474 630
52 403
38 356
654 360
80 111
150 664
635 349
645 641
32 699
244 451
181 69
679 568
332 103
587 692
250 235
657 599
562 461
450 317
608 49
601 362
127 271
166 397
402 147
538 535
3 110
563 367
489 383
143 535
320 58
393 539
284 394
520 6
168 439
490 239
58 567
592 403
572 301
271 157
219 168
576 445
275 281
545 146
210 130
120 74
491 579
441 560
515 546
193 504
282 405
424 81
658 313
498 162
297 552
700 122
477 417
286 295
35 332
682 597
592 160
184 115
527 427
682 229
655 462
256 645
99 29
201 26
141 340
214 45
464 594
116 265
236 330
450 528
370 71
317 413
682 548
538 491
322 528
566 279
560 665
520 451
485 474
226 649
523 275
16 183
326 507
472 87
84 574
521 673
446 99
586 555
231 373
33 101
300 454
668 93
463 166
199 22
150 375
490 155
506 249
462 144
428 657
353 563
135 359
6 119
311 575
446 140
348 661
661 370
206 657
280 368
497 622
311 593
574 576
1 553
327 76
212 498
575 379
652 572
559 168
31 157
224 29
541 655
307 110
561 85
300 183
412 327
367 181
196 657
57 560
99 297
604 276
488 124
108 382
131 622
121 172
202 673
632 653
496 643
647 253
123 519
26 38
517 138
619 531
328 186
187 531
479 220
427 205
684 662
169 495
159 558
273 571
453 510
322 365
529 96
214 530
608 63
146 633
452 356
145 677
146 642
48 70
115 407
600 220
77 542
186 696
168 181
274 81
547 69
175 137
134 515
694 346
301 167
60 602
567 72
532 95
313 231
115 510
226 14
686 87
60 202
286 96
296 311
224 682
414 83
334 432
88 538
374 63
612 459
557 369
78 493
225 363
418 304
451 7
234 341
170 576
460 693
334 151
2 116
633 32
394 577
521 541
230 74
652 73
564 414
54 648
426 148
41 62
271 95
591 605
143 613
627 47
99 161
190 56
267 630
416 164
357 694
163 173
478 575
160 284
654 58
192 316
422 331
696 23
353 660
414 438
422 102
294 345
476 237
502 569
565 109
145 649
12 385
623 397
492 203
648 586
76 159
455 564
52 350
464 375
519 576
79 313
361 172
436 541
259 527
198 660
80 305
242 187
434 11
667 202
619 699
606 382
159 287
59 55
452 689
322 41
248 383
296 521
202 276
153 612
601 447
620 101
126 375
648 114
501 127
368 564
458 363
385 312
505 560
218 238
114 248
469 135
405 95
199 116
630 221
495 604
345 409
578 620
413 296
478 260
368 667
654 505
494 92
291 465
299 567
246 323
318 428
450 326
172 630
309 617
13 237
410 529
216 398
231 536
672 678
587 302
270 220
198 520
618 332
361 9
134 621
364 409
631 437
171 530
562 337
584 55
436 375
298 500
8 252
567 201
490 404
519 99
151 557
563 98
161 601
569 237
316 78
321 310
508 395
2 177
275 461
159 90
474 670
322 542
435 608
152 628
688 212
614 468
336 467
134 598
411 216
298 450
394 323
360 532
363 103
607 279
615 651
312 375
488 149
480 384
200 579
644 186
589 503
40 172
309 25
547 170
396 481
337 328
244 175
33 578
72 268
548 615
345 426
132 291
55 444
554 310
139 37
148 653
212 656
184 585
509 543
392 224
153 588
216 397
108 217
72 371
670 349
519 682
415 60
26 273
633 114
473 119
499 338
559 526
383 650
566 492
491 610
353 190
552 86
439 238
16 466
250 642
477 50
493 647
18 265
477 541
156 644
698 313
412 55
673 269
119 338
612 137
106 643
242 144
694 333
690 470
442 264
670 117
481 547
278 261
533 557
396 90
78 580
111 339
413 659
348 688
496 675
124 64
117 517
600 460
653 677
327 210
516 662
649 246
377 602
280 651
300 391
438 581
671 265
333 397
627 64
265 87
396 30
187 590
82 23
340 692
507 38
604 296
131 308
559 295
520 143
2 544
635 159
429 180
115 610
700 541
87 359
685 180
21 7
598 214
124 56
212 390
657 409
666 409
566 39
26 645
268 398
130 595
187 473
411 617
492 691
23 203
614 433
512 529
41 526
565 290
243 3
416 151
41 117
270 605
634 205
356 376
691 571
349 489
398 230
152 460
17 25
691 309
498 204
542 181
620 281
335 123
652 458
132 411
393 461
528 402
426 9
699 153
470 153
588 627
437 177
303 387
441 617
676 625
560 565
274 215
89 580
138 445
590 403
522 439
647 3
44 648
52 661
105 64
420 268
246 383
275 279
147 18
515 526
415 412
78 161
599 659
76 97
648 246
386 147
365 219
302 656
213 489
198 589
490 265
579 399
537 317
555 434
360 377
41 224
106 381
617 658
252 435
53 39
82 661
664 157
78 520
599 65
523 669
68 354
67 627
14 383
333 499
107 434
601 68
546 385
163 344
423 161
661 546
621 673
636 599
380 280
507 669
225 691
31 322
390 508
599 269
357 261
283 169
452 501
132 383
642 302
223 510
648 238
454 323
287 531
365 441
532 66
352 508
220 361
66 303
584 656
482 481
62 687
459 365
118 17
400 575
128 205
375 223
78 524
116 487
181 653
542 78
153 545
420 660
378 654
69 146
290 282
441 316
440 486
277 157
522 374
143 388
373 257
488 106
135 622
381 674
552 449
618 417
537 674
407 329
205 448
486 268
235 154
516 52
694 164
566 419
679 278
318 140
3 102
192 178
354 436
176 686
650 640
314 647
124 2
260 685
617 474
335 697
424 598
633 401
353 556
114 320
40 245
600 319
700 187
257 359
70 124
497 32
432 191
25 220
406 595
25 647
396 563
415 433
560 312
126 568
420 39
179 543
590 493
36 256
394 62
488 245
600 175
132 629
439 102
15 53
448 80
9 406
612 144
72 700
346 674
545 645
312 443
9 671
399 411
549 77
16 539
658 40
270 306
140 77
527 377
695 438
576 425
182 580
565 334
22 308
107 684
695 691
388 694
433 319
301 95
371 632
458 402
233 14
544 461
351 239
32 101
403 228
534 160
479 477
34 556
630 271
211 350
387 594
