Ja
92
58 604 752 11
767 162 11 16
328 645 16 46
649 521 46 49
236 795 49 61
396 622 61 67
31 627 67 68
405 725 68 71
295 346 71 73
131 54 73 79
761 77 79 92
28 7 92 95
389 244 95 98
66 788 98 100
156 700 100 103
757 628 103 114
343 526 114 124
792 259 124 145
580 238 145 445
122 387 445 160
673 525 160 164
184 380 164 625
434 491 625 166
668 350 166 175
722 351 175 264
107 132 264 183
692 528 183 198
723 246 198 201
577 455 201 233
387 57 233 234
647 556 234 243
313 322 243 254
668 380 254 258
700 401 258 748
697 326 748 282
172 230 282 284
17 454 284 300
656 373 300 301
351 479 301 307
162 463 307 311
94 557 311 321
610 199 321 323
785 623 323 334
644 737 334 338
566 659 338 484
570 769 484 349
787 414 349 360
239 297 360 364
339 70 364 374
116 64 374 378
359 460 378 379
302 136 379 386
84 112 386 412
319 671 412 421
197 416 421 425
750 336 425 426
409 582 426 502
664 64 502 441
82 196 441 476
457 640 476 480
197 519 480 485
286 758 485 487
337 404 487 488
153 750 488 500
251 755 500 506
35 624 506 766
557 709 766 517
582 604 517 530
800 174 530 531
671 3 531 537
555 333 537 551
695 131 551 560
270 624 560 579
140 496 579 581
749 171 581 585
486 532 585 589
655 700 589 593
345 35 593 596
53 640 596 616
286 227 616 648
526 10 648 652
437 742 652 675
782 406 675 696
252 333 696 718
23 235 718 729
710 793 729 735
757 285 735 744
324 739 744 772
651 414 772 778
429 257 778 790
763 223 790 796
659 7 796 798
