800 953
752 253
400 533
341 734
498 538
779 359
666 260
286 767
141 538
598 452
466 734
194 275
341 162
479 199
681 544
645 275
604 507
190 659
491 397
26 435
502 431
591 594
653 225
795 19
325 740
472 521
84 525
89 640
93 354
711 128
2 644
461 777
316 511
329 639
558 700
465 747
12 792
359 738
653 727
416 217
414 454
625 165
10 450
119 24
203 261
528 4
694 353
328 223
608 428
313 469
484 344
202 391
12 657
479 519
721 573
172 377
10 77
695 462
161 57
376 131
553 417
308 646
6 97
281 540
159 276
416 746
343 302
326 462
263 751
492 324
319 423
149 649
638 298
695 664
632 27
261 570
679 90
510 655
726 276
203 238
503 415
226 716
703 508
568 754
712 508
428 273
776 792
757 392
657 178
628 366
4 779
34 173
418 106
313 491
604 139
572 742
28 489
69 786
343 757
209 131
69 615
133 151
34 694
373 184
42 280
271 341
220 695
186 782
455 687
752 692
398 384
567 739
532 45
624 377
273 396
117 557
60 450
387 178
479 17
767 540
489 694
592 492
765 651
442 771
296 388
474 344
556 223
119 65
58 507
326 578
370 5
387 369
155 287
635 784
788 392
84 245
2 355
174 538
689 208
189 685
774 719
577 681
496 607
594 752
572 508
690 443
577 690
457 508
546 684
268 76
256 464
639 149
173 191
53 522
82 558
727 618
244 727
553 178
526 562
439 603
691 591
202 81
186 132
404 456
578 503
799 128
173 721
702 246
727 39
429 7
689 132
473 601
800 140
533 713
188 697
52 171
100 584
571 587
144 23
123 469
683 671
271 493
647 235
769 719
57 631
113 532
2 606
50 354
240 734
126 80
750 708
725 123
621 141
186 173
295 688
553 333
536 451
539 156
619 195
565 553
250 87
430 760
580 333
740 88
685 730
219 184
438 602
244 122
749 726
310 462
656 690
159 409
564 714
89 570
695 659
10 295
473 240
479 9
566 265
247 187
225 439
197 368
463 676
538 30
439 108
335 260
107 721
244 479
433 394
411 280
756 733
543 526
553 569
642 331
420 543
157 340
520 3
230 122
651 91
641 281
55 149
722 2
416 397
327 617
212 541
673 207
701 101
588 275
320 739
246 283
592 274
238 111
771 213
350 758
782 751
535 651
563 143
606 15
90 380
136 37
196 309
591 446
594 521
727 438
376 350
58 604
163 797
645 341
29 150
251 361
692 276
618 532
219 197
768 285
644 679
60 668
33 287
789 611
281 636
430 313
552 5
423 230
623 167
66 302
340 129
230 19
529 728
170 777
687 499
737 122
64 247
264 177
257 116
709 43
351 182
690 545
247 200
655 546
763 83
227 786
33 417
78 31
503 345
691 390
424 656
69 190
392 18
328 240
66 679
26 503
534 555
295 511
410 18
347 125
557 306
491 483
518 444
363 682
762 235
771 486
458 663
785 535
392 231
224 505
610 296
357 148
135 513
486 609
451 12
708 51
318 643
761 398
207 299
278 123
222 3
2 406
629 539
253 424
493 296
146 298
156 101
638 539
494 482
397 545
86 265
698 225
779 272
469 668
171 736
4 470
184 666
178 595
520 624
216 231
697 320
309 54
102 34
600 555
53 353
259 449
115 157
667 62
657 724
232 83
756 341
74 641
717 479
45 196
227 511
395 75
752 592
677 74
271 288
556 677
110 191
671 670
449 357
226 393
173 628
737 242
586 91
583 27
34 717
99 608
105 112
631 716
434 130
336 691
202 163
340 661
477 90
428 176
358 200
623 64
116 75
791 244
51 662
397 414
659 661
376 94
576 654
757 614
767 162
547 587
564 141
410 469
347 669
194 137
236 316
492 314
727 250
599 516
639 351
389 513
448 308
460 573
23 446
495 109
447 247
634 466
759 367
401 770
296 232
255 143
72 213
35 313
407 229
63 622
402 753
368 367
38 318
750 580
594 235
193 128
749 182
304 446
211 218
761 497
719 437
291 134
108 70
123 112
428 372
159 720
695 452
563 217
477 303
238 595
56 627
218 173
463 722
83 172
209 586
548 494
402 712
405 470
779 74
467 692
220 317
146 377
559 26
495 237
736 755
319 561
54 150
51 252
647 283
672 461
204 592
51 499
666 419
653 567
63 235
12 260
212 150
276 84
342 571
710 738
320 394
328 645
346 196
214 669
372 688
582 356
721 86
422 361
546 327
384 662
649 521
460 151
170 711
684 381
239 591
466 633
703 299
706 4
470 135
568 471
782 768
429 239
348 86
139 351
365 666
204 331
80 701
216 82
723 592
674 53
573 728
146 246
37 339
627 415
318 147
223 438
236 795
7 78
209 787
237 629
343 787
153 388
683 266
706 432
406 248
737 401
70 619
396 622
599 113
8 644
48 213
21 345
34 562
658 251
259 671
31 627
705 739
405 725
541 357
640 290
645 260
201 330
295 346
131 54
193 564
761 77
567 402
620 780
143 140
465 605
267 760
28 7
193 582
389 244
66 788
99 547
297 401
468 306
156 700
757 628
719 777
579 626
343 526
108 632
792 259
580 238
122 387
673 525
184 380
117 717
130 647
505 241
761 358
434 491
668 350
722 351
133 1
107 132
692 528
75 158
630 355
555 655
116 4
723 246
577 455
462 322
365 494
149 363
377 496
57 149
549 751
387 57
647 556
270 769
313 322
731 746
385 774
193 14
668 380
251 783
375 562
700 401
697 326
706 337
789 273
793 41
139 709
172 230
381 72
734 339
17 454
656 373
351 479
547 42
162 463
639 251
94 557
118 524
610 199
418 113
498 130
407 178
785 623
644 737
676 41
566 659
524 197
171 624
154 315
473 20
570 769
749 362
787 414
613 97
239 297
339 70
116 64
32 483
210 508
359 460
693 714
302 136
84 112
548 732
319 671
197 416
263 590
262 536
253 707
127 117
195 464
286 121
404 467
750 336
409 582
669 520
664 64
787 600
82 196
457 640
456 62
50 18
565 36
197 519
286 758
337 404
156 249
425 773
69 104
214 179
153 750
251 755
35 624
572 427
557 709
758 605
582 604
208 704
800 174
671 3
440 328
770 574
555 333
85 490
695 131
270 624
140 496
109 289
749 171
332 115
486 532
552 192
577 515
655 700
576 465
345 35
138 190
226 550
53 640
286 227
714 279
293 70
526 10
349 382
437 742
44 411
680 747
396 185
144 269
782 406
22 280
461 65
25 663
514 562
252 333
23 235
224 225
710 793
757 285
564 180
324 739
651 414
429 257
62 181
763 223
370 42
659 7
687 656
57 111
176 715
445 408
182 520
545 120
263 64
352 788
89 167
358 691
29 781
724 457
361 598
563 742
661 747
18 134
665 504
182 385
482 497
294 297
345 519
329 304
348 692
262 44
575 514
710 465
630 777
265 657
645 481
520 452
356 315
83 208
295 536
725 381
788 527
41 656
659 116
413 775
442 582
383 505
8 70
516 406
102 742
612 372
312 710
205 346
25 159
343 734
291 20
293 715
422 359
766 509
762 490
252 305
65 460
87 219
479 594
493 776
444 484
52 279
383 635
555 104
686 691
324 329
144 371
512 627
268 203
613 679
261 389
309 713
74 154
313 674
450 111
748 277
142 285
69 27
229 451
199 688
728 800
400 303
490 492
665 13
304 710
324 83
157 273
668 367
568 8
485 660
503 420
179 715
2 664
687 206
127 695
91 184
707 442
200 765
501 318
403 459
315 575
532 619
781 272
461 577
388 565
464 133
555 602
602 566
785 755
677 695
643 325
196 669
765 558
171 594
354 459
78 515
292 713
285 436
751 489
686 252
795 477
320 267
496 250
59 538
221 698
628 496
169 251
777 595
673 206
453 23
529 138
178 39
375 603
650 427
152 445
8 419
392 230
59 641
492 204
463 743
269 612
733 413
467 475
575 430
58 694
622 736
226 269
620 63
665 725
417 187
799 400
681 514
168 184
197 318
47 788
536 396
432 620
719 702
372 237
439 745
282 523
681 388
81 542
452 399
658 127
794 564
281 335
583 102
80 592
118 457
642 469
797 522
637 747
221 302
14 238
665 373
211 755
50 658
200 764
784 40
404 365
216 699
741 25
85 554
782 704
717 456
146 393
363 489
673 362
217 682
678 605
278 521
48 77
112 507
597 683
65 157
410 96
493 702
115 423
544 510
380 351
478 291
413 54
121 174
401 646
322 80
314 727
685 650
340 361
390 286
333 749
370 329
228 150
617 580
200 494
286 187
715 569
661 568
180 763
639 58
793 563
683 35
676 214
215 384
403 217
42 322
239 598
687 697
710 288
88 118
29 230
