100 822
2 87
8 18
89 25
68 69
98 36
27 8
14 98
27 19
10 73
30 51
98 93
30 69
65 22
7 76
7 85
11 55
26 53
32 96
25 15
4 25
23 38
34 4
5 88
85 75
52 15
36 84
100 97
37 58
22 8
22 19
18 54
89 17
17 98
37 76
86 78
82 81
97 6
100 70
30 64
11 23
99 31
66 55
21 82
21 91
3 55
100 32
78 52
67 76
17 57
67 85
44 37
6 47
66 98
17 93
65 6
50 99
10 63
41 30
51 73
7 48
59 86
99 78
28 80
7 57
43 78
40 63
43 96
3 23
74 83
3 41
13 73
86 32
55 88
40 99
24 91
25 56
2 63
65 36
96 5
72 2
39 37
83 36
84 66
47 80
50 85
22 23
72 70
67 10
68 51
62 77
75 28
90 81
13 11
81 99
70 99
54 32
98 31
27 3
11 40
12 94
74 55
68 24
68 13
81 21
90 32
85 93
44 55
68 52
25 51
91 5
69 25
43 37
26 10
6 37
75 58
39 29
39 71
84 47
29 48
97 77
6 46
93 47
20 7
29 57
10 53
54 51
89 39
63 51
61 28
28 70
7 47
40 44
77 43
31 84
9 84
97 28
45 13
55 60
21 58
54 24
14 28
73 77
37 25
82 54
2 53
25 55
51 17
62 2
38 83
96 35
6 23
47 79
18 43
27 82
84 39
47 97
62 59
45 43
33 7
71 70
16 100
31 22
8 87
43 54
83 99
61 20
75 1
88 31
53 21
13 49
14 23
54 5
19 17
44 45
85 92
54 44
50 14
48 2
5 81
57 82
54 95
65 95
91 35
38 87
16 10
35 100
18 29
52 39
15 94
61 50
96 38
6 36
38 18
66 87
83 69
8 64
27 77
69 92
8 82
80 98
91 19
94 83
99 64
26 13
40 43
61 1
76 43
39 32
52 40
32 48
42 80
61 93
12 88
13 53
32 66
42 98
25 27
23 17
90 65
13 6
4 80
96 87
89 4
16 54
4 98
78 69
97 60
39 74
72 27
68 19
33 9
83 39
28 46
9 51
31 51
98 83
96 49
56 12
65 1
12 65
76 77
61 88
35 5
34 80
57 13
26 76
20 2
17 18
31 25
2 29
34 98
96 11
27 17
2 47
15 66
38 68
81 57
23 97
100 98
64 47
39 60
50 60
19 54
46 31
46 9
93 83
51 1
12 5
60 12
38 32
61 74
34 66
5 30
75 34
5 39
49 35
53 97
24 2
56 23
3 87
52 4
57 67
99 67
35 76
79 4
68 82
44 16
95 87
16 53
50 55
79 91
100 90
23 20
71 27
8 67
76 8
31 41
92 91
37 12
75 64
64 84
80 7
97 72
30 91
42 56
38 13
83 42
34 79
75 26
35 53
97 45
46 62
65 15
26 8
39 41
83 15
27 48
86 79
87 99
71 82
37 80
57 27
95 68
91 60
66 27
85 29
18 85
94 18
94 29
20 36
36 31
22 73
99 49
45 47
91 22
26 52
34 65
45 65
63 11
37 23
68 3
45 83
23 46
23 55
86 93
33 87
67 89
14 92
69 4
30 19
84 48
9 13
29 80
95 71
31 9
30 72
79 7
26 47
53 73
59 23
78 25
16 20
4 64
65 56
74 56
38 16
34 8
43 19
90 60
89 78
6 82
30 49
48 97
58 30
30 67
80 49
99 62
63 73
11 44
95 82
53 59
40 89
11 62
63 52
40 98
96 55
32 4
15 32
81 52
79 67
15 41
95 5
44 77
86 44
67 88
82 14
97 67
56 60
89 2
94 89
91 25
29 19
18 61
48 74
68 6
35 30
1 8
86 6
12 17
17 1
59 89
49 22
93 10
21 11
11 30
7 78
28 26
26 37
73 55
84 40
34 50
46 26
9 4
3 53
18 15
91 55
27 4
27 15
85 52
68 14
44 81
81 33
14 77
2 84
64 56
17 82
60 48
18 65
78 48
79 78
93 59
62 98
70 40
74 81
32 75
21 75
90 74
40 88
48 3
80 13
23 26
24 98
94 5
2 70
81 25
66 82
59 56
77 17
90 36
77 91
77 100
58 6
59 70
78 83
99 16
75 51
22 39
88 59
97 59
59 7
9 96
32 61
63 55
1 92
76 63
66 13
43 3
92 40
36 40
89 73
44 53
49 14
36 49
5 80
100 85
93 13
14 58
19 18
63 17
99 46
2 83
66 86
50 37
37 59
50 78
39 87
25 22
70 62
7 45
99 19
81 92
43 75
92 59
51 88
28 86
97 62
28 95
9 91
20 3
55 58
31 91
24 52
100 31
24 61
5 57
33 39
48 44
24 79
42 2
93 73
35 85
65 98
36 62
25 62
6 21
4 97
18 41
41 29
37 10
7 13
99 66
99 77
69 95
89 27
8 85
51 65
70 78
61 43
9 59
87 70
68 20
68 31
81 28
12 64
62 83
9 68
12 73
86 31
86 20
66 63
13 47
24 47
60 32
5 43
56 24
42 92
71 55
78 21
73 79
17 26
52 56
39 14
73 88
90 85
24 83
14 48
48 25
48 36
80 35
67 66
85 38
72 47
81 69
66 94
90 69
50 86
19 80
93 27
22 24
50 95
54 20
31 54
69 51
56 43
59 1
41 40
85 28
11 14
50 40
46 21
61 82
90 9
19 3
47 5
13 60
98 76
54 61
45 92
69 24
70 54
30 17
79 65
92 73
36 52
71 38
48 17
82 23
59 2
46 93
39 54
31 29
80 66
27 10
12 7
27 79
82 80
16 88
80 91
87 83
19 93
60 43
94 49
69 43
41 99
9 76
41 32
24 5
13 37
61 86
50 21
53 82
46 24
59 21
97 95
87 34
36 2
54 74
87 73
70 46
70 57
17 43
54 92
82 15
57 97
94 79
56 16
50 67
8 61
99 71
39 28
19 70
31 35
72 73
79 8
44 20
31 44
53 9
41 85
62 20
27 21
98 49
61 72
36 21
42 68
61 81
12 76
84 92
45 73
99 61
80 11
94 96
69 54
73 82
63 23
29 17
2 40
35 65
57 74
87 65
81 23
80 79
53 50
79 89
58 66
89 68
85 71
68 98
10 17
15 95
37 92
21 20
34 28
80 81
39 9
20 39
52 28
1 35
30 80
12 44
20 57
83 95
72 95
89 30
80 41
18 13
5 14
59 34
36 13
68 45
34 68
81 53
42 81
61 94
35 42
2 17
54 55
71 3
26 82
38 47
54 73
3 98
15 72
75 68
85 23
81 15
46 27
60 80
93 90
71 98
61 49
98 60
96 48
21 12
8 69
49 70
38 28
41 66
43 9
1 39
77 64
90 83
41 84
42 49
1 48
7 82
7 91
22 89
67 42
13 31
24 31
11 61
76 53
11 79
67 96
38 60
58 15
8 19
15 67
16 32
99 36
68 79
87 92
73 37
37 8
79 97
78 29
97 90
93 60
91 48
55 8
29 87
29 96
25 12
61 41
68 7
79 41
34 40
62 42
76 45
23 39
35 4
4 53
33 89
91 67
85 25
98 33
63 56
27 16
99 17
77 48
37 77
73 18
73 29
19 50
37 86
10 78
49 60
91 29
93 94
54 7
33 31
100 18
22 61
64 76
35 34
48 42
82 84
80 63
5 17
55 94
26 58
32 92
15 30
4 30
23 43
13 97
35 45
4 39
3 74
15 39
14 71
8 9
