1000 1000
200 102
251 162
46 76
195 178
238 246
92 23
81 262
215 262
138 25
85 189
256 116
64 66
205 190
2 154
41 82
133 101
251 192
200 4
149 78
128 43
267 169
20 144
92 53
80 195
262 245
138 55
139 96
156 190
154 32
256 18
59 257
155 73
71 82
133 131
98 48
34 200
108 149
149 150
168 200
267 199
11 216
217 52
144 50
92 83
195 110
27 160
13 262
87 211
139 126
29 206
62 154
257 89
103 155
163 206
222 6
273 66
64 200
149 138
41 216
217 82
267 101
165 115
268 142
57 160
262 43
211 117
262 177
20 278
36 1
94 227
155 133
193 206
36 222
69 170
273 96
170 222
99 21
71 216
217 112
131 267
165 145
172 268
232 48
147 211
248 263
109 33
278 50
124 227
228 165
184 278
53 49
35 155
140 171
273 126
222 200
260 273
10 98
99 51
268 202
115 28
217 14
26 42
119 233
58 3
109 63
110 104
154 227
195 228
7 177
125 40
104 5
69 56
42 171
238 207
114 17
58 115
166 118
233 21
109 93
225 228
37 177
70 125
97 228
111 126
161 243
12 120
171 72
238 237
187 49
136 123
115 88
65 131
233 51
125 182
28 249
176 26
177 67
125 100
3 192
44 193
244 104
143 172
136 19
238 5
239 46
79 187
188 120
254 244
23 255
4 13
56 203
95 131
182 155
249 58
250 99
132 198
74 193
134 244
69 18
59 70
111 260
76 239
187 109
150 188
210 239
254 12
53 255
203 86
204 127
187 255
11 29
147 102
88 249
250 129
198 162
265 65
13 75
164 244
209 81
141 260
261 182
180 188
35 6
86 66
83 255
204 157
255 217
19 270
68 132
271 194
250 159
198 192
147 4
95 265
43 75
266 136
91 20
80 142
260 171
212 261
22 137
148 276
255 247
102 73
59 204
271 90
271 224
265 272
1 199
147 34
75 148
266 166
52 164
50 91
110 142
242 261
27 107
13 209
54 210
158 87
178 276
219 277
153 29
89 204
271 254
6 169
66 220
30 14
147 64
148 105
215 8
82 164
266 68
215 142
57 107
209 43
210 84
98 108
117 158
159 158
277 249
225 20
61 226
36 169
22 271
96 220
137 221
148 135
73 236
46 21
215 38
164 112
172 215
213 216
231 15
231 149
114 210
158 147
175 31
17 277
50 225
91 226
277 151
165 175
35 102
93 272
220 126
167 221
227 272
103 236
237 144
215 202
28 62
164 14
231 45
119 180
179 231
220 232
3 5
30 108
226 121
181 277
124 7
5 51
98 242
232 242
221 197
23 68
170 9
133 236
237 174
62 58
165 85
231 209
180 21
108 60
247 186
37 124
97 175
128 242
12 67
68 53
170 39
119 113
237 204
186 16
78 65
232 18
180 51
181 92
67 124
176 168
44 140
242 30
191 104
7 258
19 83
46 186
120 135
237 106
253 211
23 202
122 181
25 248
99 197
264 2
74 140
60 242
101 243
134 191
192 175
37 258
78 259
76 186
53 202
1 12
253 113
151 127
187 202
69 146
55 248
129 197
248 189
32 264
22 13
131 243
164 191
81 156
258 67
259 108
208 182
83 202
143 253
184 254
28 8
120 269
79 68
159 197
264 62
213 136
264 196
38 20
47 141
157 152
138 259
84 22
115 275
214 254
40 101
218 90
269 150
270 191
44 15
1 146
95 75
166 213
264 226
52 111
17 90
157 54
145 275
219 224
29 100
101 70
152 130
219 161
269 180
270 221
6 116
33 219
264 256
162 8
82 111
35 265
68 213
173 229
24 106
208 10
157 84
61 173
275 47
101 100
251 270
3 168
116 36
219 63
77 117
137 168
235 40
162 38
214 139
178 15
56 179
114 157
122 31
224 17
91 173
118 276
224 151
117 107
93 219
168 167
235 70
45 18
184 144
178 45
86 179
119 127
146 230
30 55
246 123
173 121
181 224
222 225
7 71
24 240
189 98
117 9
100 235
184 174
234 235
251 77
61 25
112 85
116 179
176 230
2 77
19 246
246 153
123 4
37 71
189 128
190 169
241 229
256 31
117 39
16 133
251 107
55 61
206 230
77 32
179 18
128 92
183 246
123 34
71 67
11 139
102 257
257 236
133 46
87 134
252 178
149 23
77 62
122 128
25 195
144 99
85 246
123 64
262 190
211 2
139 41
190 101
257 4
78 206
133 76
134 117
177 185
201 20
53 149
252 80
150 94
93 69
55 195
144 129
247 156
263 261
211 32
212 73
139 71
190 131
48 155
34 257
108 206
257 168
11 273
50 201
83 149
110 252
150 124
184 201
217 27
87 268
78 35
211 62
10 21
212 103
160 136
263 163
47 88
64 257
138 206
258 239
273 41
31 22
115 222
40 48
217 57
117 268
217 191
93 1
42 94
133 212
193 263
227 69
37 17
21 156
54 104
71 273
145 222
223 186
274 246
166 161
147 268
33 166
72 94
198 233
49 110
212 35
140 228
53 24
10 155
156 51
84 104
223 216
28 172
274 14
26 99
238 152
3 115
166 63
167 104
233 228
234 7
40 182
59 19
161 5
110 79
139 161
56 126
42 228
31 69
17 171
58 172
223 118
223 239
166 93
134 167
37 234
182 70
111 183
110 109
12 177
126 86
228 72
146 177
49 244
123 193
88 172
65 188
125 239
164 167
9 64
26 233
67 234
182 100
141 183
201 234
3 249
250 44
116 126
176 177
2 24
19 193
244 79
245 120
153 193
56 260
70 4
188 95
155 239
64 39
255 132
171 183
234 231
74 250
199 148
208 250
18 126
59 127
109 244
245 150
183 193
260 86
70 34
261 127
185 239
86 11
204 102
255 162
256 203
27 30
132 13
199 178
250 238
81 266
89 127
215 266
245 180
6 92
25 142
143 66
260 116
70 64
157 261
86 41
189 68
101 137
255 192
256 233
4 204
78 153
132 43
169 271
20 148
97 94
80 199
245 266
92 36
194 22
96 143
156 194
73 159
59 261
71 86
131 137
48 102
256 1
204 34
75 205
154 149
271 199
272 240
220 11
52 221
50 148
110 199
200 151
164 27
266 13
267 54
215 87
126 143
210 29
103 159
261 89
163 210
226 6
277 66
87 14
204 64
105 205
270 272
8 272
221 82
142 272
200 181
164 57
266 43
267 84
215 117
158 216
133 159
193 210
226 36
96 277
278 137
170 226
135 205
103 21
272 38
112 221
172 272
47 37
98 97
114 267
147 215
188 216
267 248
165 232
49 57
159 35
175 140
126 277
278 167
226 200
103 51
272 202
119 28
14 221
26 46
237 119
3 62
63 44
30 165
114 104
232 195
7 181
5 108
106 160
278 197
23 125
227 9
175 42
56 73
119 58
222 85
118 170
21 237
60 165
225 232
181 37
130 111
232 97
124 12
125 53
39 227
175 72
113 176
16 243
119 88
135 65
237 51
92 238
125 186
28 253
181 67
168 233
197 44
104 248
125 83
143 176
19 140
5 242
46 243
192 120
23 259
17 4
95 135
238 122
99 254
197 74
134 248
249 175
74 59
141 90
243 76
150 192
243 210
53 259
127 208
259 187
33 11
203 69
102 151
129 254
79 13
164 248
205 249
81 213
182 265
192 180
39 6
66 90
259 83
157 208
259 217
260 258
85 8
136 68
159 254
43 79
270 136
235 249
95 20
61 96
47 198
214 152
212 265
36 39
141 22
247 259
40 158
208 59
73 106
275 90
38 85
265 276
15 101
203 1
75 152
166 270
52 168
147 17
50 95
91 96
265 242
111 27
54 214
29 157
158 70
89 208
103 106
209 130
173 6
276 33
14 34
101 45
105 152
219 8
82 168
270 68
123 169
219 142
24 163
10 265
57 111
84 214
112 98
163 158
230 61
9 40
158 100
209 160
225 3
275 22
173 36
63 276
77 174
225 137
135 152
50 21
38 219
112 168
169 153
271 139
219 172
220 213
15 235
56 236
114 214
31 179
91 230
40 39
165 179
56 16
107 174
93 276
167 225
227 276
144 241
66 28
235 45
236 86
119 184
220 236
30 112
121 230
128 7
5 55
46 56
246 98
106 107
197 225
72 23
174 9
241 174
25 118
58 66
85 169
236 116
2 134
112 60
37 128
78 129
246 128
169 247
72 53
174 39
113 123
241 204
16 190
55 118
32 134
18 236
185 92
34 180
128 67
108 129
180 168
199 247
11 196
44 144
46 190
191 87
106 241
120 139
257 211
206 23
134 62
185 122
252 25
201 99
64 180
268 2
41 196
74 144
247 101
145 115
196 175
78 263
190 76
191 117
177 242
258 20
1 16
206 53
94 207
155 127
69 150
252 55
201 129
170 202
252 189
268 32
269 73
71 196
247 131
212 48
263 108
182 212
147 191
33 89
50 258
206 83
207 124
258 184
274 27
32 8
83 68
201 159
202 200
268 62
10 78
103 269
217 136
145 47
152 161
263 138
22 88
63 89
207 154
214 258
40 105
151 42
57 274
191 274
15 48
150 1
99 75
