Ja
722
71 216 200 279
131 267 279 280
278 50 280 281
273 126 281 282
233 51 282 283
249 58 283 284
111 260 284 285
76 239 285 286
53 255 286 287
187 255 287 288
88 249 288 289
86 66 289 290
83 255 290 291
198 192 291 292
147 4 292 293
95 265 293 294
43 75 294 295
102 73 295 296
1 199 296 297
147 34 297 298
50 91 298 299
110 142 299 300
13 209 300 301
89 204 301 302
6 169 302 303
147 64 303 304
82 164 304 305
215 142 305 306
57 107 306 307
209 43 307 308
117 158 308 309
36 169 309 310
96 220 310 311
164 112 311 312
172 215 312 313
158 147 313 314
17 277 314 315
50 225 315 316
35 102 316 317
93 272 317 318
220 126 318 319
103 236 319 320
237 144 320 321
215 202 321 322
28 62 322 323
164 14 323 324
119 180 324 325
220 232 325 326
3 5 326 327
30 108 327 328
124 7 328 329
5 51 329 330
98 242 330 331
232 242 331 332
23 68 332 333
133 236 333 334
62 58 334 335
231 209 335 336
180 21 336 337
37 124 337 338
97 175 338 339
128 242 339 340
12 67 340 341
68 53 341 342
237 204 342 343
78 65 343 344
232 18 344 345
180 51 345 346
181 92 346 347
67 124 347 348
176 168 348 349
44 140 349 350
242 30 350 351
19 83 351 352
46 186 352 353
120 135 353 354
23 202 354 355
99 197 355 356
74 140 356 357
60 242 357 358
134 191 358 359
192 175 359 360
37 258 360 361
76 186 361 362
53 202 362 363
1 12 363 364
253 113 364 365
151 127 365 366
187 202 366 367
55 248 367 368
129 197 368 369
248 189 369 370
32 264 370 371
22 13 371 372
131 243 372 373
164 191 373 374
258 67 374 375
259 108 375 376
83 202 376 377
143 253 377 378
184 254 378 379
28 8 379 380
79 68 380 381
159 197 381 382
264 62 382 383
213 136 383 384
38 20 384 385
138 259 385 386
84 22 386 387
40 101 387 388
269 150 388 389
270 191 389 390
44 15 390 391
1 146 391 392
95 75 392 393
166 213 393 394
264 226 394 395
52 111 395 396
17 90 396 397
157 54 397 398
145 275 398 399
219 224 399 400
29 100 400 401
101 70 401 402
219 161 402 403
269 180 403 404
270 221 404 405
6 116 405 406
33 219 406 407
264 256 407 408
162 8 408 409
82 111 409 410
35 265 410 411
68 213 411 412
208 10 412 413
157 84 413 414
275 47 414 415
101 100 415 416
251 270 416 417
3 168 417 418
116 36 418 419
219 63 419 420
137 168 420 421
162 38 421 422
214 139 422 423
178 15 423 424
56 179 424 425
114 157 425 426
122 31 426 427
224 17 427 428
91 173 428 429
118 276 429 430
224 151 430 431
93 219 431 432
168 167 432 433
235 70 433 434
45 18 434 435
184 144 435 436
178 45 436 437
86 179 437 438
119 127 438 439
30 55 439 440
246 123 440 441
173 121 441 442
181 224 442 443
222 225 443 444
7 71 444 445
189 98 445 446
117 9 446 447
100 235 447 448
184 174 448 449
251 77 449 450
61 25 450 451
112 85 451 452
116 179 452 453
176 230 453 454
2 77 454 455
19 246 455 456
246 153 456 457
123 4 457 458
37 71 458 459
189 128 459 460
190 169 460 461
256 31 461 462
117 39 462 463
16 133 463 464
251 107 464 465
55 61 465 466
206 230 466 467
77 32 467 468
179 18 468 469
128 92 469 470
123 34 470 471
71 67 471 472
11 139 472 473
102 257 473 474
257 236 474 475
133 46 475 476
87 134 476 477
149 23 477 478
77 62 478 479
122 128 479 480
25 195 480 481
144 99 481 482
85 246 482 483
123 64 483 484
262 190 484 485
211 2 485 486
139 41 486 487
190 101 487 488
257 4 488 489
78 206 489 490
133 76 490 491
134 117 491 492
53 149 492 493
252 80 493 494
150 94 494 495
93 69 495 496
55 195 496 497
144 129 497 498
247 156 498 499
263 261 499 500
211 32 500 501
212 73 501 502
139 71 502 503
190 131 503 504
48 155 504 505
34 257 505 506
108 206 506 507
257 168 507 508
11 273 508 509
50 201 509 510
83 149 510 511
110 252 511 512
150 124 512 513
184 201 513 514
217 27 514 515
87 268 515 516
78 35 516 517
211 62 517 518
10 21 518 519
212 103 519 520
160 136 520 521
263 163 521 522
47 88 522 523
64 257 523 524
138 206 524 525
258 239 525 526
273 41 526 527
31 22 527 528
115 222 528 529
40 48 529 530
217 57 530 531
117 268 531 532
217 191 532 533
93 1 533 534
42 94 534 535
133 212 535 536
193 263 536 537
227 69 537 538
37 17 538 539
21 156 539 540
54 104 540 541
71 273 541 542
145 222 542 543
166 161 543 544
147 268 544 545
33 166 545 546
72 94 546 547
198 233 547 548
49 110 548 549
212 35 549 550
140 228 550 551
53 24 551 552
10 155 552 553
156 51 553 554
84 104 554 555
223 216 555 556
28 172 556 557
274 14 557 558
26 99 558 559
238 152 559 560
3 115 560 561
166 63 561 562
167 104 562 563
233 228 563 564
234 7 564 565
40 182 565 566
59 19 566 567
161 5 567 568
110 79 568 569
139 161 569 570
56 126 570 571
42 228 571 572
31 69 572 573
17 171 573 574
58 172 574 575
223 118 575 576
223 239 576 577
166 93 577 578
134 167 578 579
37 234 579 580
182 70 580 581
111 183 581 582
110 109 582 583
12 177 583 584
126 86 584 585
228 72 585 586
146 177 586 587
49 244 587 588
123 193 588 589
88 172 589 590
65 188 590 591
125 239 591 592
164 167 592 593
9 64 593 594
26 233 594 595
67 234 595 596
182 100 596 597
141 183 597 598
201 234 598 599
3 249 599 600
250 44 600 601
116 126 601 602
176 177 602 603
2 24 603 604
19 193 604 605
244 79 605 606
245 120 606 607
153 193 607 608
56 260 608 609
70 4 609 610
188 95 610 611
155 239 611 612
64 39 612 613
255 132 613 614
171 183 614 615
234 231 615 616
74 250 616 617
199 148 617 618
208 250 618 619
18 126 619 620
59 127 620 621
109 244 621 622
245 150 622 623
183 193 623 624
260 86 624 625
70 34 625 626
261 127 626 627
185 239 627 628
86 11 628 629
204 102 629 630
255 162 630 631
256 203 631 632
27 30 632 633
132 13 633 634
199 178 634 635
250 238 635 636
81 266 636 637
89 127 637 638
215 266 638 639
245 180 639 640
6 92 640 641
25 142 641 642
143 66 642 643
260 116 643 644
70 64 644 645
157 261 645 646
86 41 646 647
189 68 647 648
101 137 648 649
255 192 649 650
256 233 650 651
4 204 651 652
78 153 652 653
132 43 653 654
169 271 654 655
20 148 655 656
97 94 656 657
80 199 657 658
245 266 658 659
92 36 659 660
194 22 660 661
96 143 661 662
156 194 662 663
73 159 663 664
59 261 664 665
71 86 665 666
131 137 666 667
48 102 667 668
256 1 668 669
204 34 669 670
75 205 670 671
154 149 671 672
271 199 672 673
272 240 673 674
220 11 674 675
52 221 675 676
50 148 676 677
110 199 677 678
200 151 678 679
164 27 679 680
266 13 680 681
267 54 681 682
215 87 682 683
126 143 683 684
210 29 684 685
103 159 685 686
261 89 686 687
163 210 687 688
226 6 688 689
277 66 689 690
87 14 690 691
204 64 691 692
105 205 692 693
270 272 693 694
8 272 694 695
221 82 695 696
142 272 696 697
200 181 697 698
164 57 698 699
266 43 699 700
267 84 700 701
215 117 701 702
158 216 702 703
133 159 703 704
193 210 704 705
226 36 705 706
96 277 706 707
278 137 707 708
170 226 708 709
135 205 709 710
103 21 710 711
272 38 711 712
112 221 712 713
172 272 713 714
47 37 714 715
98 97 715 716
114 267 716 717
147 215 717 718
188 216 718 719
267 248 719 720
165 232 720 721
49 57 721 722
159 35 722 723
175 140 723 724
126 277 724 725
278 167 725 726
226 200 726 727
103 51 727 728
272 202 728 729
119 28 729 730
14 221 730 731
26 46 731 732
237 119 732 733
3 62 733 734
63 44 734 735
30 165 735 736
114 104 736 737
232 195 737 738
7 181 738 739
5 108 739 740
106 160 740 741
278 197 741 742
23 125 742 743
227 9 743 744
175 42 744 745
56 73 745 746
119 58 746 747
222 85 747 748
118 170 748 749
21 237 749 750
60 165 750 751
225 232 751 752
181 37 752 753
130 111 753 754
232 97 754 755
124 12 755 756
125 53 756 757
39 227 757 758
175 72 758 759
113 176 759 760
16 243 760 761
119 88 761 762
135 65 762 763
237 51 763 764
92 238 764 765
125 186 765 766
28 253 766 767
181 67 767 768
168 233 768 769
197 44 769 770
104 248 770 771
125 83 771 772
143 176 772 773
19 140 773 774
5 242 774 775
46 243 775 776
192 120 776 777
23 259 777 778
17 4 778 779
95 135 779 780
238 122 780 781
99 254 781 782
197 74 782 783
134 248 783 784
249 175 784 785
74 59 785 786
141 90 786 787
243 76 787 788
150 192 788 789
243 210 789 790
53 259 790 791
127 208 791 792
259 187 792 793
33 11 793 794
203 69 794 795
102 151 795 796
129 254 796 797
79 13 797 798
164 248 798 799
205 249 799 800
81 213 800 801
182 265 801 802
192 180 802 803
39 6 803 804
66 90 804 805
259 83 805 806
157 208 806 807
259 217 807 808
260 258 808 809
85 8 809 810
136 68 810 811
159 254 811 812
43 79 812 813
270 136 813 814
235 249 814 815
95 20 815 816
61 96 816 817
47 198 817 818
214 152 818 819
212 265 819 820
36 39 820 821
141 22 821 822
247 259 822 823
40 158 823 824
208 59 824 825
73 106 825 826
275 90 826 827
38 85 827 828
265 276 828 829
15 101 829 830
203 1 830 831
75 152 831 832
166 270 832 833
52 168 833 834
147 17 834 835
50 95 835 836
91 96 836 837
265 242 837 838
111 27 838 839
54 214 839 840
29 157 840 841
158 70 841 842
89 208 842 843
103 106 843 844
209 130 844 845
173 6 845 846
276 33 846 847
14 34 847 848
101 45 848 849
105 152 849 850
219 8 850 851
82 168 851 852
270 68 852 853
123 169 853 854
219 142 854 855
24 163 855 856
10 265 856 857
57 111 857 858
84 214 858 859
112 98 859 860
163 158 860 861
230 61 861 862
9 40 862 863
158 100 863 864
209 160 864 865
225 3 865 866
275 22 866 867
173 36 867 868
63 276 868 869
77 174 869 870
225 137 870 871
135 152 871 872
50 21 872 873
38 219 873 874
112 168 874 875
169 153 875 876
271 139 876 877
219 172 877 878
220 213 878 879
15 235 879 880
56 236 880 881
114 214 881 882
31 179 882 883
91 230 883 884
40 39 884 885
165 179 885 886
56 16 886 887
107 174 887 888
93 276 888 889
167 225 889 890
227 276 890 891
144 241 891 892
66 28 892 893
235 45 893 894
236 86 894 895
119 184 895 896
220 236 896 897
30 112 897 898
121 230 898 899
128 7 899 900
5 55 900 901
46 56 901 902
246 98 902 903
106 107 903 904
197 225 904 905
72 23 905 906
174 9 906 907
241 174 907 908
25 118 908 909
58 66 909 910
85 169 910 911
236 116 911 912
2 134 912 913
112 60 913 914
37 128 914 915
78 129 915 916
246 128 916 917
169 247 917 918
72 53 918 919
174 39 919 920
113 123 920 921
241 204 921 922
16 190 922 923
55 118 923 924
32 134 924 925
18 236 925 926
185 92 926 927
34 180 927 928
128 67 928 929
108 129 929 930
180 168 930 931
199 247 931 932
11 196 932 933
44 144 933 934
46 190 934 935
191 87 935 936
106 241 936 937
120 139 937 938
257 211 938 939
206 23 939 940
134 62 940 941
185 122 941 942
252 25 942 943
201 99 943 944
64 180 944 945
268 2 945 946
41 196 946 947
74 144 947 948
247 101 948 949
145 115 949 950
196 175 950 951
78 263 951 952
190 76 952 953
191 117 953 954
177 242 954 955
258 20 955 956
1 16 956 957
206 53 957 958
94 207 958 959
155 127 959 960
69 150 960 961
252 55 961 962
201 129 962 963
170 202 963 964
252 189 964 965
268 32 965 966
269 73 966 967
71 196 967 968
247 131 968 969
212 48 969 970
263 108 970 971
182 212 971 972
147 191 972 973
33 89 973 974
50 258 974 975
206 83 975 976
207 124 976 977
258 184 977 978
274 27 978 979
32 8 979 980
83 68 980 981
201 159 981 982
202 200 982 983
268 62 983 984
10 78 984 985
103 269 985 986
217 136 986 987
145 47 987 988
152 161 988 989
263 138 989 990
22 88 990 991
63 89 991 992
207 154 992 993
214 258 993 994
40 105 994 995
151 42 995 996
57 274 996 997
191 274 997 998
15 48 998 999
150 1 999 1000
