Ja
721
216 71 165 280
267 131 280 281
278 50 281 282
126 273 282 283
51 233 283 284
58 249 284 285
111 260 285 286
187 255 286 287
88 249 287 288
86 66 288 289
255 83 289 290
265 95 290 291
43 75 291 292
73 102 292 293
199 1 293 294
147 34 294 295
50 91 295 296
110 142 296 297
89 204 297 298
6 169 298 299
147 64 299 300
82 164 300 301
57 107 301 302
209 43 302 303
158 117 303 304
169 36 304 305
220 96 305 306
112 164 306 307
215 172 307 308
147 158 308 309
17 277 309 310
225 50 310 311
35 102 311 312
272 93 312 313
220 126 313 314
236 103 314 315
237 144 315 316
215 202 316 317
28 62 317 318
164 14 318 319
119 180 319 320
220 232 320 321
3 5 321 322
30 108 322 323
7 124 323 324
5 51 324 325
242 98 325 326
232 242 326 327
23 68 327 328
236 133 328 329
58 62 329 330
209 231 330 331
180 21 331 332
124 37 332 333
175 97 333 334
128 242 334 335
12 67 335 336
53 68 336 337
204 237 337 338
78 65 338 339
232 18 339 340
51 180 340 341
181 92 341 342
67 124 342 343
168 176 343 344
140 44 344 345
242 30 345 346
19 83 346 347
46 186 347 348
135 120 348 349
23 202 349 350
197 99 350 351
74 140 351 352
242 60 352 353
134 191 353 354
175 192 354 355
258 37 355 356
186 76 356 357
53 202 357 358
1 12 358 359
113 253 359 360
151 127 360 361
202 187 361 362
248 55 362 363
129 197 363 364
248 189 364 365
32 264 365 366
13 22 366 367
131 243 367 368
164 191 368 369
67 258 369 370
259 108 370 371
202 83 371 372
143 253 372 373
184 254 373 374
8 28 374 375
79 68 375 376
197 159 376 377
62 264 377 378
213 136 378 379
20 38 379 380
259 138 380 381
22 84 381 382
40 101 382 383
150 269 383 384
191 270 384 385
44 15 385 386
146 1 386 387
95 75 387 388
213 166 388 389
264 226 389 390
111 52 390 391
17 90 391 392
157 54 392 393
145 275 393 394
224 219 394 395
29 100 395 396
70 101 396 397
161 219 397 398
180 269 398 399
270 221 399 400
116 6 400 401
219 33 401 402
264 256 402 403
8 162 403 404
82 111 404 405
35 265 405 406
213 68 406 407
208 10 407 408
84 157 408 409
275 47 409 410
100 101 410 411
270 251 411 412
168 3 412 413
116 36 413 414
63 219 414 415
168 137 415 416
38 162 416 417
139 214 417 418
15 178 418 419
179 56 419 420
114 157 420 421
31 122 421 422
224 17 422 423
91 173 423 424
118 276 424 425
224 151 425 426
93 219 426 427
167 168 427 428
70 235 428 429
18 45 429 430
144 184 430 431
178 45 431 432
179 86 432 433
119 127 433 434
30 55 434 435
173 121 435 436
224 181 436 437
225 222 437 438
7 71 438 439
98 189 439 440
117 9 440 441
235 100 441 442
174 184 442 443
77 251 443 444
61 25 444 445
112 85 445 446
179 116 446 447
176 230 447 448
2 77 448 449
246 19 449 450
246 153 450 451
123 4 451 452
71 37 452 453
189 128 453 454
169 190 454 455
31 256 455 456
117 39 456 457
16 133 457 458
251 107 458 459
61 55 459 460
206 230 460 461
32 77 461 462
18 179 462 463
128 92 463 464
34 123 464 465
71 67 465 466
11 139 466 467
102 257 467 468
236 257 468 469
133 46 469 470
134 87 470 471
149 23 471 472
62 77 472 473
122 128 473 474
195 25 474 475
99 144 475 476
246 85 476 477
123 64 477 478
190 262 478 479
2 211 479 480
139 41 480 481
190 101 481 482
257 4 482 483
78 206 483 484
76 133 484 485
134 117 485 486
149 53 486 487
252 80 487 488
150 94 488 489
69 93 489 490
55 195 490 491
129 144 491 492
247 156 492 493
261 263 493 494
211 32 494 495
212 73 495 496
139 71 496 497
131 190 497 498
155 48 498 499
34 257 499 500
108 206 500 501
168 257 501 502
273 11 502 503
201 50 503 504
149 83 504 505
252 110 505 506
124 150 506 507
184 201 507 508
27 217 508 509
87 268 509 510
78 35 510 511
211 62 511 512
21 10 512 513
103 212 513 514
160 136 514 515
263 163 515 516
279 6 516 517
88 47 517 518
257 64 518 519
206 138 519 520
258 239 520 521
41 273 521 522
31 22 522 523
115 222 523 524
40 48 524 525
57 217 525 526
268 117 526 527
191 217 527 528
93 1 528 529
42 94 529 530
133 212 530 531
193 263 531 532
36 279 532 533
37 17 533 534
227 69 534 535
170 279 535 536
156 21 536 537
54 104 537 538
273 71 538 539
145 222 539 540
161 166 540 541
147 268 541 542
33 166 542 543
72 94 543 544
198 233 544 545
49 110 545 546
35 212 546 547
140 228 547 548
200 279 548 549
53 24 549 550
155 10 550 551
156 51 551 552
104 84 552 553
223 216 553 554
28 172 554 555
274 14 555 556
99 26 556 557
152 238 557 558
3 115 558 559
166 63 559 560
104 167 560 561
233 228 561 562
7 234 562 563
182 40 563 564
59 19 564 565
161 5 565 566
110 79 566 567
161 139 567 568
279 230 568 569
56 126 569 570
228 42 570 571
31 69 571 572
17 171 572 573
58 172 573 574
118 223 574 575
223 239 575 576
93 166 576 577
167 134 577 578
37 234 578 579
70 182 579 580
183 111 580 581
109 110 581 582
177 12 582 583
126 86 583 584
228 72 584 585
146 177 585 586
244 49 586 587
123 193 587 588
88 172 588 589
188 65 589 590
125 239 590 591
164 167 591 592
64 9 592 593
233 26 593 594
234 67 594 595
182 100 595 596
183 141 596 597
234 201 597 598
249 3 598 599
44 250 599 600
126 116 600 601
176 177 601 602
24 2 602 603
19 193 603 604
79 244 604 605
245 120 605 606
153 193 606 607
260 56 607 608
70 4 608 609
95 188 609 610
155 239 610 611
64 39 611 612
255 132 612 613
171 183 613 614
231 234 614 615
74 250 615 616
199 148 616 617
250 208 617 618
126 18 618 619
127 59 619 620
109 244 620 621
150 245 621 622
193 183 622 623
260 86 623 624
70 34 624 625
127 261 625 626
185 239 626 627
11 86 627 628
102 204 628 629
255 162 629 630
256 203 630 631
27 30 631 632
132 13 632 633
199 178 633 634
250 238 634 635
266 81 635 636
127 89 636 637
215 266 637 638
245 180 638 639
92 6 639 640
25 142 640 641
143 66 641 642
260 116 642 643
70 64 643 644
157 261 644 645
86 41 645 646
189 68 646 647
137 101 647 648
192 255 648 649
256 233 649 650
4 204 650 651
153 78 651 652
43 132 652 653
169 271 653 654
148 20 654 655
94 97 655 656
199 80 656 657
266 245 657 658
92 36 658 659
22 194 659 660
96 143 660 661
194 156 661 662
159 73 662 663
261 59 663 664
86 71 664 665
131 137 665 666
102 48 666 667
1 256 667 668
34 204 668 669
205 75 669 670
154 149 670 671
199 271 671 672
272 240 672 673
11 220 673 674
221 52 674 675
148 50 675 676
199 110 676 677
200 151 677 678
27 164 678 679
266 13 679 680
267 54 680 681
87 215 681 682
143 126 682 683
29 210 683 684
103 159 684 685
89 261 685 686
163 210 686 687
6 226 687 688
277 66 688 689
14 87 689 690
64 204 690 691
205 105 691 692
272 270 692 693
272 8 693 694
82 221 694 695
272 142 695 696
181 200 696 697
164 57 697 698
266 43 698 699
84 267 699 700
215 117 700 701
216 158 701 702
133 159 702 703
210 193 703 704
226 36 704 705
277 96 705 706
278 137 706 707
226 170 707 708
135 205 708 709
103 21 709 710
38 272 710 711
221 112 711 712
272 172 712 713
37 47 713 714
98 97 714 715
114 267 715 716
215 147 716 717
216 188 717 718
267 248 718 719
165 232 719 720
49 57 720 721
159 35 721 722
140 175 722 723
126 277 723 724
167 278 724 725
226 200 725 726
103 51 726 727
272 202 727 728
28 119 728 729
14 221 729 730
46 26 730 731
237 119 731 732
62 3 732 733
63 44 733 734
165 30 734 735
114 104 735 736
232 195 736 737
7 181 737 738
5 108 738 739
106 160 739 740
278 197 740 741
125 23 741 742
9 227 742 743
175 42 743 744
73 56 744 745
58 119 745 746
85 222 746 747
118 170 747 748
237 21 748 749
165 60 749 750
225 232 750 751
37 181 751 752
130 111 752 753
97 232 753 754
12 124 754 755
125 53 755 756
39 227 756 757
72 175 757 758
176 113 758 759
16 243 759 760
88 119 760 761
65 135 761 762
237 51 762 763
238 92 763 764
125 186 764 765
28 253 765 766
67 181 766 767
168 233 767 768
197 44 768 769
104 248 769 770
83 125 770 771
143 176 771 772
19 140 772 773
5 242 773 774
46 243 774 775
192 120 775 776
23 259 776 777
4 17 777 778
135 95 778 779
238 122 779 780
254 99 780 781
74 197 781 782
248 134 782 783
175 249 783 784
74 59 784 785
141 90 785 786
76 243 786 787
150 192 787 788
210 243 788 789
259 53 789 790
208 127 790 791
259 187 791 792
11 33 792 793
69 203 793 794
102 151 794 795
254 129 795 796
13 79 796 797
164 248 797 798
249 205 798 799
213 81 799 800
265 182 800 801
180 192 801 802
39 6 802 803
66 90 803 804
259 83 804 805
208 157 805 806
217 259 806 807
260 258 807 808
8 85 808 809
136 68 809 810
159 254 810 811
79 43 811 812
136 270 812 813
249 235 813 814
95 20 814 815
96 61 815 816
47 198 816 817
214 152 817 818
212 265 818 819
36 39 819 820
22 141 820 821
259 247 821 822
158 40 822 823
208 59 823 824
73 106 824 825
275 90 825 826
38 85 826 827
265 276 827 828
101 15 828 829
203 1 829 830
75 152 830 831
166 270 831 832
168 52 832 833
147 17 833 834
50 95 834 835
91 96 835 836
242 265 836 837
27 111 837 838
54 214 838 839
157 29 839 840
70 158 840 841
208 89 841 842
103 106 842 843
209 130 843 844
173 6 844 845
276 33 845 846
14 34 846 847
45 101 847 848
105 152 848 849
219 8 849 850
168 82 850 851
270 68 851 852
123 169 852 853
142 219 853 854
24 163 854 855
10 265 855 856
57 111 856 857
214 84 857 858
98 112 858 859
158 163 859 860
61 230 860 861
9 40 861 862
100 158 862 863
209 160 863 864
3 225 864 865
275 22 865 866
173 36 866 867
63 276 867 868
77 174 868 869
137 225 869 870
152 135 870 871
21 50 871 872
38 219 872 873
168 112 873 874
153 169 874 875
139 271 875 876
219 172 876 877
220 213 877 878
15 235 878 879
236 56 879 880
214 114 880 881
179 31 881 882
91 230 882 883
39 40 883 884
165 179 884 885
16 56 885 886
107 174 886 887
276 93 887 888
167 225 888 889
276 227 889 890
241 144 890 891
28 66 891 892
235 45 892 893
86 236 893 894
184 119 894 895
236 220 895 896
112 30 896 897
230 121 897 898
7 128 898 899
5 55 899 900
56 46 900 901
246 98 901 902
106 107 902 903
197 225 903 904
72 23 904 905
9 174 905 906
241 174 906 907
25 118 907 908
58 66 908 909
85 169 909 910
116 236 910 911
2 134 911 912
112 60 912 913
128 37 913 914
129 78 914 915
128 246 915 916
169 247 916 917
72 53 917 918
174 39 918 919
123 113 919 920
204 241 920 921
16 190 921 922
55 118 922 923
32 134 923 924
18 236 924 925
92 185 925 926
34 180 926 927
67 128 927 928
108 129 928 929
168 180 929 930
247 199 930 931
196 11 931 932
144 44 932 933
190 46 933 934
191 87 934 935
106 241 935 936
139 120 936 937
257 211 937 938
23 206 938 939
134 62 939 940
185 122 940 941
25 252 941 942
99 201 942 943
64 180 943 944
268 2 944 945
196 41 945 946
74 144 946 947
101 247 947 948
145 115 948 949
175 196 949 950
78 263 950 951
190 76 951 952
117 191 952 953
242 177 953 954
258 20 954 955
1 16 955 956
206 53 956 957
94 207 957 958
155 127 958 959
69 150 959 960
55 252 960 961
201 129 961 962
170 202 962 963
189 252 963 964
32 268 964 965
73 269 965 966
196 71 966 967
247 131 967 968
212 48 968 969
263 108 969 970
212 182 970 971
191 147 971 972
33 89 972 973
258 50 973 974
83 206 974 975
207 124 975 976
258 184 976 977
274 27 977 978
32 8 978 979
83 68 979 980
201 159 980 981
200 202 981 982
268 62 982 983
10 78 983 984
269 103 984 985
136 217 985 986
47 145 986 987
152 161 987 988
138 263 988 989
22 88 989 990
89 63 990 991
279 115 991 992
207 154 992 993
258 214 993 994
40 105 994 995
151 42 995 996
57 274 996 997
274 191 997 998
15 48 998 999
150 1 999 1000
