1000 1000
262 215
25 138
189 85
256 116
64 66
190 205
2 154
41 82
101 133
251 192
200 4
149 78
128 43
267 169
144 20
92 53
80 195
245 262
138 55
96 139
190 156
32 154
256 18
59 257
155 73
82 71
131 133
48 98
200 34
108 149
150 149
200 168
199 267
216 11
52 217
50 144
83 92
195 110
27 160
262 13
87 211
139 126
29 206
154 62
257 89
155 103
163 206
6 222
66 273
200 64
138 149
216 41
217 82
101 267
165 115
268 142
160 57
262 43
211 117
177 262
278 20
1 36
227 94
155 133
206 193
222 36
170 69
273 96
170 222
21 99
216 71
112 217
267 131
145 165
172 268
232 48
147 211
263 248
109 33
278 50
124 227
228 165
184 278
49 53
155 35
171 140
126 273
200 222
273 260
98 10
51 99
202 268
28 115
217 14
26 42
233 119
3 58
109 63
104 110
154 227
228 195
279 255
7 177
40 125
5 104
56 69
171 42
207 238
17 114
115 58
118 166
21 233
109 93
225 228
177 37
70 125
97 228
111 126
243 161
12 120
72 171
237 238
187 49
123 136
115 88
131 65
51 233
125 182
249 28
26 176
177 67
125 100
192 3
44 193
244 104
143 172
19 136
5 238
46 239
79 187
188 120
244 254
23 255
4 13
56 203
131 95
182 155
58 249
250 99
132 198
74 193
244 134
18 69
59 70
111 260
76 239
109 187
150 188
239 210
12 254
53 255
203 86
204 127
187 255
29 11
102 147
88 249
129 250
198 162
65 265
13 75
164 244
81 209
141 260
261 182
180 188
35 6
86 66
255 83
157 204
217 255
270 19
68 132
194 271
159 250
192 198
4 147
265 95
43 75
136 266
91 20
80 142
260 171
212 261
22 137
276 148
247 255
73 102
59 204
90 271
224 271
272 265
199 1
147 34
75 148
266 166
52 164
50 91
110 142
242 261
107 27
209 13
54 210
87 158
276 178
219 277
153 29
89 204
271 254
6 169
66 220
14 30
147 64
148 105
8 215
82 164
68 266
215 142
57 107
209 43
210 84
108 98
158 117
159 158
277 249
225 20
226 61
169 36
22 271
220 96
221 137
148 135
236 73
21 46
215 38
112 164
215 172
213 216
15 231
149 231
210 114
147 158
31 175
17 277
225 50
226 91
151 277
165 175
35 102
272 93
220 126
221 167
227 272
236 103
237 144
215 202
28 62
164 14
231 45
119 180
179 231
220 232
3 5
30 108
226 121
277 181
7 124
5 51
242 98
232 242
197 221
23 68
9 170
236 133
237 174
58 62
85 165
209 231
180 21
108 60
186 247
124 37
175 97
128 242
12 67
53 68
39 170
119 113
204 237
16 186
78 65
232 18
51 180
181 92
67 124
168 176
140 44
242 30
104 191
7 258
19 83
46 186
135 120
106 237
211 253
23 202
181 122
248 25
197 99
2 264
74 140
242 60
243 101
134 191
175 192
258 37
78 259
186 76
53 202
1 12
113 253
151 127
202 187
69 146
248 55
129 197
248 189
32 264
13 22
131 243
164 191
156 81
67 258
259 108
208 182
202 83
143 253
184 254
8 28
269 120
79 68
197 159
62 264
213 136
196 264
20 38
47 141
152 157
259 138
22 84
275 115
254 214
40 101
218 90
150 269
191 270
44 15
146 1
95 75
213 166
264 226
111 52
17 90
157 54
145 275
224 219
29 100
70 101
130 152
161 219
180 269
270 221
116 6
219 33
264 256
8 162
82 111
35 265
213 68
229 173
24 106
208 10
84 157
173 61
275 47
100 101
270 251
168 3
116 36
63 219
117 77
168 137
40 235
38 162
139 214
15 178
179 56
114 157
31 122
224 17
91 173
118 276
224 151
107 117
93 219
167 168
70 235
18 45
144 184
178 45
179 86
119 127
146 230
30 55
246 123
173 121
224 181
225 222
7 71
240 24
98 189
117 9
235 100
174 184
235 234
77 251
61 25
112 85
179 116
176 230
2 77
246 19
246 153
123 4
71 37
189 128
169 190
229 241
31 256
117 39
16 133
251 107
61 55
206 230
32 77
18 179
128 92
183 246
34 123
71 67
11 139
102 257
236 257
133 46
134 87
178 252
149 23
62 77
122 128
195 25
99 144
246 85
123 64
190 262
2 211
139 41
190 101
257 4
78 206
76 133
134 117
185 177
20 201
149 53
252 80
150 94
69 93
55 195
129 144
247 156
261 263
211 32
212 73
139 71
131 190
155 48
34 257
108 206
168 257
273 11
201 50
149 83
252 110
124 150
184 201
27 217
87 268
78 35
211 62
21 10
103 212
160 136
263 163
279 6
88 47
257 64
206 138
258 239
41 273
31 22
115 222
40 48
57 217
268 117
191 217
93 1
42 94
133 212
193 263
36 279
37 17
227 69
170 279
156 21
54 104
273 71
145 222
223 186
274 246
161 166
147 268
33 166
72 94
198 233
49 110
35 212
140 228
200 279
53 24
155 10
156 51
104 84
223 216
28 172
274 14
99 26
152 238
3 115
166 63
104 167
233 228
7 234
182 40
59 19
161 5
110 79
161 139
279 230
56 126
228 42
31 69
17 171
58 172
118 223
223 239
93 166
167 134
37 234
70 182
183 111
109 110
177 12
126 86
228 72
146 177
244 49
123 193
88 172
188 65
125 239
164 167
64 9
233 26
234 67
182 100
183 141
234 201
249 3
44 250
126 116
176 177
24 2
19 193
79 244
245 120
153 193
260 56
70 4
95 188
155 239
64 39
255 132
171 183
231 234
74 250
199 148
250 208
126 18
127 59
109 244
150 245
193 183
260 86
70 34
127 261
185 239
11 86
102 204
255 162
256 203
27 30
132 13
199 178
250 238
266 81
127 89
215 266
245 180
92 6
25 142
143 66
260 116
70 64
157 261
86 41
189 68
137 101
192 255
256 233
4 204
153 78
43 132
169 271
148 20
94 97
199 80
266 245
92 36
22 194
96 143
194 156
159 73
261 59
86 71
131 137
102 48
1 256
34 204
205 75
154 149
199 271
272 240
11 220
221 52
148 50
199 110
200 151
27 164
266 13
267 54
87 215
143 126
29 210
103 159
89 261
163 210
6 226
277 66
14 87
64 204
205 105
272 270
272 8
82 221
272 142
181 200
164 57
266 43
84 267
215 117
216 158
133 159
210 193
226 36
277 96
278 137
226 170
135 205
103 21
38 272
221 112
272 172
37 47
98 97
114 267
215 147
216 188
267 248
165 232
49 57
159 35
140 175
126 277
167 278
226 200
103 51
272 202
28 119
14 221
46 26
237 119
62 3
63 44
165 30
114 104
232 195
7 181
5 108
106 160
278 197
125 23
9 227
175 42
73 56
58 119
85 222
118 170
237 21
165 60
225 232
37 181
130 111
97 232
12 124
125 53
39 227
72 175
176 113
16 243
88 119
65 135
237 51
238 92
125 186
28 253
67 181
168 233
197 44
104 248
83 125
143 176
19 140
5 242
46 243
192 120
23 259
4 17
135 95
238 122
254 99
74 197
248 134
175 249
74 59
141 90
76 243
150 192
210 243
259 53
208 127
259 187
11 33
69 203
102 151
254 129
13 79
164 248
249 205
213 81
265 182
180 192
39 6
66 90
259 83
208 157
217 259
260 258
8 85
136 68
159 254
79 43
136 270
249 235
95 20
96 61
47 198
214 152
212 265
36 39
22 141
259 247
158 40
208 59
73 106
275 90
38 85
265 276
101 15
203 1
75 152
166 270
168 52
147 17
50 95
91 96
242 265
27 111
54 214
157 29
70 158
208 89
103 106
209 130
173 6
276 33
14 34
45 101
105 152
219 8
168 82
270 68
123 169
142 219
24 163
10 265
57 111
214 84
98 112
158 163
61 230
9 40
100 158
209 160
3 225
275 22
173 36
63 276
77 174
137 225
152 135
21 50
38 219
168 112
153 169
139 271
219 172
220 213
15 235
236 56
214 114
179 31
91 230
39 40
165 179
16 56
107 174
276 93
167 225
276 227
241 144
28 66
235 45
86 236
184 119
236 220
112 30
230 121
7 128
5 55
56 46
246 98
106 107
197 225
72 23
9 174
241 174
25 118
58 66
85 169
116 236
2 134
112 60
128 37
129 78
128 246
169 247
72 53
174 39
123 113
204 241
16 190
55 118
32 134
18 236
92 185
34 180
67 128
108 129
168 180
247 199
196 11
144 44
190 46
191 87
106 241
139 120
257 211
23 206
134 62
185 122
25 252
99 201
64 180
268 2
196 41
74 144
101 247
145 115
175 196
78 263
190 76
117 191
242 177
258 20
1 16
206 53
94 207
155 127
69 150
55 252
201 129
170 202
189 252
32 268
73 269
196 71
247 131
212 48
263 108
212 182
191 147
33 89
258 50
83 206
207 124
258 184
274 27
32 8
83 68
201 159
200 202
268 62
10 78
269 103
136 217
47 145
152 161
138 263
22 88
89 63
279 115
207 154
258 214
40 105
151 42
57 274
274 191
15 48
150 1
75 99
