Ja
874
123 51 123 127
126 9 127 128
126 88 128 129
18 67 129 130
126 39 130 131
32 86 131 132
83 25 132 133
86 62 133 134
55 83 134 135
86 13 135 136
43 86 136 137
102 20 137 138
28 14 138 139
54 100 139 140
29 43 140 141
97 47 141 142
50 102 142 143
105 8 143 144
21 44 144 145
40 57 145 146
24 49 146 147
100 84 147 148
17 46 148 149
3 111 149 150
36 59 150 151
100 35 151 152
105 38 152 153
15 121 153 154
122 56 154 155
47 9 155 156
28 60 156 157
52 12 157 158
116 91 158 159
106 30 159 160
119 49 160 161
21 57 161 162
122 7 162 163
49 5 163 164
24 62 164 165
42 116 165 166
45 121 166 167
122 86 167 168
39 47 168 169
58 60 169 170
3 124 170 171
14 7 171 172
60 106 172 173
79 119 173 174
51 57 174 175
37 122 175 176
9 60 176 177
73 28 177 178
31 78 178 179
116 72 179 180
119 30 180 181
122 116 181 182
20 2 182 183
5 62 183 184
76 65 184 185
66 4 185 186
23 79 186 187
109 119 187 188
122 67 188 189
60 39 189 190
125 25 190 191
58 73 191 192
16 76 192 193
19 81 193 194
119 60 194 195
122 18 195 196
33 2 196 197
125 55 197 198
46 76 198 199
79 4 199 200
92 23 200 201
20 23 201 202
64 66 202 203
82 41 203 204
13 20 204 205
32 33 205 206
79 34 206 207
92 53 207 208
95 11 208 209
52 96 209 210
26 8 210 211
27 39 211 212
77 68 212 213
95 90 213 214
29 85 214 215
23 1 215 216
36 20 216 217
6 101 217 218
64 79 218 219
92 83 219 220
82 22 220 221
95 41 221 222
82 96 222 223
42 15 223 224
106 94 224 225
33 96 225 226
52 109 226 227
101 36 227 228
8 39 228 229
52 27 229 230
90 68 230 231
95 71 231 232
85 10 232 233
29 98 233 234
48 111 234 235
36 1 235 236
6 114 236 237
45 3 237 238
22 95 238 239
63 96 239 240
82 109 240 241
21 99 241 242
112 40 242 243
39 38 243 244
24 104 244 245
55 15 245 246
106 75 246 247
96 14 247 248
33 109 248 249
101 17 249 250
114 36 250 251
115 77 251 252
30 40 252 253
49 53 253 254
56 7 254 255
93 96 255 256
98 10 256 257
99 51 257 258
112 70 258 259
42 50 259 260
28 115 260 261
26 42 261 262
45 55 262 263
31 120 263 264
58 3 264 265
63 109 265 266
104 110 266 267
21 112 267 268
115 107 268 269
125 40 269 270
104 5 270 271
24 117 271 272
56 37 272 273
56 69 273 274
107 97 274 275
14 109 275 276
112 100 276 277
119 125 277 278
17 114 278 279
115 58 279 280
53 30 280 281
118 16 281 282
66 49 282 283
7 69 283 284
19 123 284 285
93 109 285 286
51 112 286 287
70 125 287 288
111 126 288 289
9 115 289 290
55 26 290 291
120 12 291 292
25 59 292 293
72 44 293 294
110 85 294 295
123 104 295 296
75 2 296 297
115 88 297 298
117 5 298 299
118 46 299 300
18 56 300 301
69 37 301 302
120 97 302 303
125 100 303 304
115 39 304 305
11 16 305 306
59 55 306 307
32 75 307 308
126 92 308 309
4 13 309 310
23 26 310 311
76 118 311 312
67 69 312 313
72 25 313 314
44 85 314 315
85 123 315 316
88 2 316 317
69 18 317 318
70 59 318 319
78 83 319 320
75 62 320 321
81 88 321 322
122 126 322 323
78 20 323 324
11 29 324 325
72 55 325 326
74 85 326 327
13 75 327 328
32 88 328 329
89 73 329 330
26 4 330 331
35 6 331 332
73 47 332 333
66 86 333 334
78 50 334 335
91 69 335 336
94 27 336 337
59 83 337 338
43 75 338 339
62 88 339 340
78 1 340 341
20 91 341 342
13 88 342 343
89 54 343 344
102 73 344 345
94 57 345 346
10 19 346 347
32 29 347 348
48 6 348 349
86 47 349 350
99 66 350 351
50 91 351 352
104 69 352 353
29 22 353 354
94 8 354 355
107 27 355 356
46 40 356 357
43 88 357 358
84 89 358 359
1 91 359 360
92 42 360 361
105 61 361 362
14 30 362 363
33 43 363 364
56 52 364 365
17 35 365 366
36 48 366 367
99 96 367 368
89 35 368 369
54 102 369 370
94 38 370 371
107 57 371 372
98 108 372 373
10 32 373 374
29 45 374 375
110 15 375 376
49 28 376 377
54 31 377 378
92 72 378 379
105 91 379 380
107 8 380 381
49 108 381 382
21 46 382 383
59 40 383 384
5 38 384 385
24 51 385 386
84 102 386 387
42 105 387 388
61 118 388 389
43 14 389 390
97 26 390 391
45 110 391 392
17 48 392 393
113 3 393 394
102 35 394 395
38 107 395 396
108 79 396 397
121 98 397 398
56 124 398 399
9 49 399 400
62 28 400 401
12 54 401 402
31 67 402 403
72 105 403 404
118 91 404 405
3 5 405 406
30 108 406 407
49 121 407 408
9 2 408 409
59 21 409 410
7 124 410 411
5 51 411 412
64 24 412 413
23 68 413 414
110 26 414 415
67 111 415 416
86 124 416 417
49 39 417 418
62 58 418 419
126 3 419 420
16 65 420 421
19 70 421 422
108 60 422 423
121 79 423 424
120 122 424 425
111 18 425 426
124 37 426 427
9 62 427 428
12 67 428 429
68 53 429 430
119 113 430 431
121 30 431 432
116 124 432 433
22 2 433 434
65 46 434 435
78 65 435 436
116 106 436 437
68 4 437 438
81 23 438 439
109 121 439 440
124 67 440 441
62 39 441 442
16 78 442 443
19 83 443 444
60 121 444 445
101 122 445 446
18 124 446 447
68 34 447 448
81 53 448 449
84 11 449 450
27 28 450 451
46 78 451 452
81 4 452 453
87 48 453 454
89 125 454 455
1 12 455 456
20 25 456 457
64 68 457 458
71 22 458 459
41 84 459 460
22 13 460 461
78 76 461 462
34 81 462 463
82 75 463 464
94 95 464 465
97 11 465 466
52 98 466 467
8 28 467 468
41 27 468 469
79 68 469 470
92 87 470 471
84 71 471 472
97 90 472 473
87 29 473 474
48 100 474 475
1 25 475 476
20 38 476 477
6 103 477 478
81 64 478 479
84 22 479 480
41 97 480 481
98 82 481 482
101 40 482 483
44 15 483 484
95 75 484 485
108 94 485 486
85 14 486 487
98 33 487 488
52 111 488 489
90 17 489 490
103 36 490 491
8 41 491 492
92 68 492 493
97 71 493 494
87 10 494 495
29 100 495 496
70 101 496 497
116 6 497 498
26 31 498 499
3 47 499 500
63 98 500 501
82 111 501 502
36 35 502 503
101 21 503 504
114 40 504 505
38 41 505 506
106 24 506 507
15 57 507 508
58 56 508 509
14 98 509 510
101 100 510 511
111 33 511 512
103 17 512 513
36 116 513 514
77 117 514 515
42 30 515 516
49 55 516 517
58 7 517 518
98 93 518 519
10 100 519 520
51 101 520 521
114 70 521 522
9 104 522 523
42 52 523 524
117 28 524 525
26 44 525 526
109 12 526 527
57 45 527 528
122 31 528 529
3 60 529 530
44 61 530 531
63 111 531 532
112 104 532 533
123 125 533 534
21 114 534 535
117 107 535 536
106 5 536 537
24 119 537 538
120 65 538 539
18 45 539 540
37 58 540 541
56 71 541 542
109 97 542 543
100 114 543 544
104 39 544 545
117 58 545 546
55 30 546 547
16 120 547 548
7 71 548 549
19 125 549 550
93 111 550 551
51 114 551 552
115 92 552 553
117 9 553 554
120 95 554 555
12 122 555 556
25 61 556 557
44 74 557 558
85 112 558 559
125 104 559 560
77 2 560 561
88 117 561 562
119 5 562 563
120 46 563 564
18 58 564 565
4 123 565 566
37 71 566 567
117 39 567 568
18 11 568 569
55 61 569 570
13 64 570 571
77 32 571 572
4 15 572 573
23 28 573 574
120 76 574 575
123 34 575 576
71 67 576 577
74 25 577 578
66 75 578 579
125 85 579 580
2 90 580 581
59 72 581 582
78 85 582 583
43 64 583 584
77 62 584 585
81 90 585 586
20 80 586 587
31 11 587 588
64 123 588 589
55 74 589 590
77 13 590 591
90 32 591 592
91 73 592 593
6 37 593 594
47 75 594 595
66 88 595 596
50 80 596 597
93 69 597 598
27 96 598 599
85 59 599 600
43 77 600 601
90 62 601 602
1 80 602 603
93 20 603 604
36 37 604 605
35 78 605 606
91 54 606 607
73 104 607 608
83 38 608 609
96 57 609 610
10 21 610 611
29 34 611 612
15 99 612 613
6 50 613 614
47 88 614 615
50 93 615 616
91 94 616 617
22 31 617 618
96 8 618 619
27 109 619 620
35 21 620 621
40 48 621 622
24 40 622 623
91 84 623 624
104 103 624 625
93 1 625 626
94 42 626 627
107 61 627 628
14 32 628 629
45 33 629 630
45 99 630 631
37 17 631 632
50 36 632 633
35 91 633 634
104 54 634 635
38 96 635 636
57 109 636 637
98 110 637 638
34 10 638 639
112 15 639 640
51 28 640 641
56 31 641 642
94 72 642 643
91 107 643 644
110 49 644 645
48 21 645 646
113 7 646 647
61 40 647 648
40 5 648 649
53 24 649 650
104 84 650 651
42 107 651 652
14 45 652 653
99 26 653 654
112 45 654 655
50 17 655 656
115 3 656 657
16 54 657 658
59 19 658 659
97 60 659 660
79 110 660 661
123 98 661 662
37 113 662 663
56 126 663 664
51 9 664 665
64 28 665 666
12 56 666 667
69 31 667 668
72 107 668 669
30 110 669 670
49 123 670 671
2 11 671 672
7 126 672 673
5 53 673 674
54 46 674 675
67 65 675 676
70 23 676 677
110 109 677 678
26 112 678 679
67 113 679 680
126 86 680 681
39 51 681 682
64 58 682 683
16 67 683 684
19 72 684 685
60 110 685 686
79 123 686 687
120 124 687 688
113 18 688 689
126 37 689 690
9 64 690 691
12 69 691 692
53 70 692 693
121 113 693 694
11 73 694 695
116 126 695 696
2 24 696 697
46 67 697 698
80 65 698 699
118 106 699 700
70 4 700 701
83 23 701 702
109 123 702 703
67 126 703 704
39 64 704 705
73 41 705 706
124 101 706 707
18 126 707 708
70 34 708 709
83 53 709 710
11 86 710 711
30 27 711 712
71 73 712 713
4 83 713 714
89 48 714 715
1 14 715 716
20 27 716 717
92 6 717 718
64 70 718 719
73 22 719 720
86 41 720 721
24 13 721 722
34 83 722 723
84 75 723 724
97 94 724 725
87 33 725 726
100 52 726 727
92 36 727 728
8 30 728 729
27 43 729 730
68 81 730 731
87 94 731 732
71 86 732 733
90 99 733 734
10 76 734 735
89 29 735 736
102 48 736 737
27 1 737 738
105 6 738 739
64 83 739 740
22 86 740 741
87 63 741 742
82 100 742 743
40 103 743 744
46 15 744 745
75 97 745 746
14 87 746 747
33 100 747 748
52 113 748 749
17 92 749 750
36 105 750 751
43 8 751 752
10 89 752 753
29 102 753 754
103 70 754 755
106 28 755 756
33 26 756 757
45 46 757 758
31 111 758 759
49 3 759 760
100 63 760 761
113 82 761 762
35 38 762 763
21 103 763 764
116 40 764 765
5 95 765 766
43 38 766 767
24 108 767 768
47 37 768 769
56 60 769 770
98 97 770 771
100 14 771 772
100 103 772 773
105 17 773 774
106 58 774 775
119 77 775 776
30 44 776 777
49 57 777 778
7 60 778 779
100 93 779 780
112 113 780 781
51 103 781 782
116 70 782 783
111 117 783 784
9 106 784 785
28 119 785 786
26 46 786 787
12 111 787 788
124 31 788 789
62 3 789 790
63 44 790 791
101 85 791 792
104 114 792 793
88 106 793 794
21 116 794 795
107 119 795 796
5 108 796 797
24 121 797 798
122 65 798 799
47 18 799 800
37 60 800 801
23 125 801 802
56 73 802 803
97 111 803 804
100 116 804 805
106 39 805 806
58 119 806 807
30 57 807 808
122 16 808 809
51 116 809 810
92 117 810 811
119 9 811 812
95 122 812 813
124 12 813 814
53 125 814 815
25 63 815 816
76 44 816 817
114 85 817 818
79 2 818 819
119 88 819 820
46 122 820 821
18 60 821 822
61 59 822 823
4 125 823 824
66 62 824 825
39 119 825 826
80 120 826 827
20 11 827 828
83 125 828 829
55 63 829 830
76 74 830 831
13 66 831 832
79 32 832 833
17 4 833 834
76 122 834 835
125 34 835 836
25 76 836 837
66 77 837 838
69 82 838 839
2 92 839 840
120 110 840 841
59 74 841 842
87 78 842 843
43 66 843 844
62 79 844 845
92 81 845 846
82 20 846 847
11 33 847 848
125 64 848 849
55 76 849 850
79 13 850 851
73 93 851 852
6 39 852 853
77 47 853 854
66 90 854 855
50 82 855 856
69 95 856 857
8 85 857 858
27 98 858 859
79 43 859 860
82 1 860 861
95 20 861 862
96 61 862 863
14 21 863 864
33 34 864 865
26 17 865 866
39 36 866 867
80 35 867 868
93 54 868 869
73 106 869 870
38 85 870 871
57 98 871 872
10 23 872 873
36 29 873 874
15 101 874 875
6 52 875 876
90 47 876 877
50 95 877 878
91 96 878 879
8 98 879 880
27 111 880 881
37 21 881 882
50 40 882 883
42 24 883 884
93 84 884 885
103 106 885 886
96 42 886 887
61 109 887 888
14 34 888 889
47 33 889 890
45 101 890 891
17 39 891 892
104 3 892 893
52 36 893 894
93 35 894 895
98 38 895 896
111 57 896 897
98 112 897 898
36 10 898 899
114 15 899 900
115 56 900 901
9 40 901 902
53 28 902 903
12 45 903 904
31 58 904 905
96 72 905 906
91 109 906 907
30 99 907 908
49 112 908 909
50 21 909 910
115 7 910 911
42 5 911 912
24 55 912 913
42 109 913 914
101 26 914 915
114 45 915 916
115 86 916 917
40 39 917 918
117 3 918 919
56 16 919 920
61 19 920 921
60 99 921 922
79 112 922 923
98 125 923 924
115 37 924 925
53 9 925 926
66 28 926 927
58 12 927 928
31 71 928 929
109 72 929 930
30 112 930 931
49 125 931 932
13 2 932 933
55 5 933 934
56 46 934 935
69 65 935 936
106 107 936 937
4 59 937 938
72 23 938 939
109 112 939 940
67 115 940 941
53 39 941 942
25 118 942 943
58 66 943 944
16 69 944 945
19 74 945 946
60 112 946 947
126 120 947 948
18 115 948 949
59 34 949 950
53 72 950 951
113 123 951 952
75 11 952 953
2 26 953 954
118 55 954 955
69 46 955 956
72 4 956 957
85 23 957 958
41 75 958 959
101 126 959 960
72 34 960 961
53 85 961 962
88 11 962 963
52 89 963 964
8 19 964 965
32 27 965 966
68 70 966 967
75 71 967 968
29 78 968 969
48 91 969 970
1 16 970 971
20 29 971 972
6 94 972 973
64 72 973 974
83 85 974 975
75 22 975 976
88 41 976 977
82 89 977 978
35 15 978 979
75 86 979 980
94 99 980 981
33 89 981 982
102 52 982 983
36 94 983 984
32 8 984 985
45 27 985 986
68 83 986 987
71 88 987 988
10 78 988 989
91 29 989 990
48 104 990 991
29 1 991 992
107 6 992 993
22 88 993 994
63 89 994 995
82 102 995 996
21 92 996 997
105 40 997 998
24 97 998 999
15 48 999 1000
