1000 1000
38 50
24 115
54 37
56 67
97 105
107 14
100 110
123 119
112 17
58 113
126 77
30 51
49 64
7 67
107 93
120 112
51 110
123 70
111 124
9 113
126 28
26 53
12 118
69 3
70 44
108 85
121 104
2 73
21 123
113 88
107 126
5 115
18 54
37 67
56 80
118 97
100 123
113 39
58 126
64 30
73 32
123 51
92 124
11 4
24 23
126 9
25 70
44 83
121 85
86 2
126 88
60 64
18 67
68 59
78 81
73 62
86 81
122 124
126 39
11 27
70 55
83 74
73 13
32 86
4 24
83 25
84 66
89 69
81 59
78 94
73 43
86 62
99 81
1 76
89 20
11 40
55 83
86 13
54 87
100 73
57 92
29 30
46 6
84 47
97 66
50 89
102 69
22 27
92 8
105 27
44 40
43 86
87 84
89 1
102 20
61 103
28 14
41 33
52 54
17 33
36 46
97 96
87 35
54 100
113 73
38 92
105 57
10 30
29 43
108 15
6 59
97 47
50 102
91 103
105 8
49 106
21 44
40 57
24 49
100 84
103 113
103 42
116 61
14 41
26 95
108 45
17 46
3 111
36 59
100 35
105 38
79 106
119 98
15 121
122 56
47 9
28 60
52 12
65 31
103 72
116 91
106 30
119 49
21 57
122 7
49 5
24 62
42 116
108 26
45 121
122 86
39 47
58 60
3 124
16 63
14 7
19 68
60 106
79 119
18 109
51 57
37 122
9 60
73 28
65 12
31 78
116 72
113 117
119 30
122 116
20 2
74 125
5 62
63 46
76 65
114 106
66 4
23 79
109 119
122 67
60 39
125 25
58 73
16 76
19 81
119 60
101 120
122 18
66 34
53 79
82 11
33 2
125 55
46 76
79 4
92 23
20 23
64 66
82 41
13 20
32 33
79 34
92 53
95 11
52 96
26 8
27 39
77 68
87 90
82 71
95 90
29 85
48 98
23 1
36 20
6 101
64 79
92 83
82 22
95 41
82 96
42 15
93 75
106 94
33 96
52 109
101 36
8 39
52 27
90 68
95 71
85 10
29 98
48 111
36 1
6 114
45 3
22 95
63 96
82 109
21 99
112 40
39 38
24 104
55 15
106 75
96 14
33 109
101 17
114 36
115 77
30 40
49 53
56 7
93 96
98 10
99 51
112 70
42 50
28 115
26 42
45 55
31 120
58 3
63 109
104 110
21 112
115 107
125 40
104 5
24 117
56 37
56 69
107 97
14 109
112 100
119 125
17 114
115 58
53 30
118 16
66 49
7 69
19 123
93 109
51 112
70 125
111 126
9 115
55 26
120 12
25 59
72 44
110 85
123 104
75 2
115 88
117 5
118 46
18 56
69 37
120 97
125 100
115 39
11 16
59 55
32 75
126 92
4 13
23 26
76 118
67 69
72 25
44 85
85 123
88 2
69 18
70 59
78 83
75 62
81 88
122 126
78 20
11 29
72 55
74 85
13 75
32 88
89 73
26 4
35 6
73 47
66 86
78 50
91 69
94 27
59 83
43 75
62 88
78 1
20 91
13 88
89 54
102 73
94 57
10 19
32 29
48 6
86 47
99 66
50 91
104 69
29 22
94 8
107 27
46 40
43 88
84 89
1 91
92 42
105 61
14 30
33 43
56 52
17 35
36 48
99 96
89 35
54 102
94 38
107 57
98 108
10 32
29 45
110 15
49 28
54 31
92 72
105 91
107 8
49 108
21 46
59 40
5 38
24 51
84 102
42 105
61 118
43 14
97 26
45 110
17 48
113 3
102 35
38 107
108 79
121 98
56 124
9 49
62 28
12 54
31 67
72 105
118 91
3 5
30 108
49 121
9 2
59 21
7 124
5 51
64 24
23 68
110 26
67 111
86 124
49 39
62 58
126 3
16 65
19 70
108 60
121 79
120 122
111 18
124 37
9 62
12 67
68 53
119 113
121 30
116 124
22 2
65 46
78 65
116 106
68 4
81 23
109 121
124 67
62 39
16 78
19 83
60 121
101 122
18 124
68 34
81 53
84 11
27 28
46 78
81 4
87 48
89 125
1 12
20 25
64 68
71 22
41 84
22 13
78 76
34 81
82 75
94 95
97 11
52 98
8 28
41 27
79 68
92 87
84 71
97 90
87 29
48 100
1 25
20 38
6 103
81 64
84 22
41 97
98 82
101 40
44 15
95 75
108 94
85 14
98 33
52 111
90 17
103 36
8 41
92 68
97 71
87 10
29 100
70 101
116 6
26 31
3 47
63 98
82 111
36 35
101 21
114 40
38 41
106 24
15 57
58 56
14 98
101 100
111 33
103 17
36 116
77 117
42 30
49 55
58 7
98 93
10 100
51 101
114 70
9 104
42 52
117 28
26 44
109 12
57 45
122 31
3 60
44 61
63 111
112 104
123 125
21 114
117 107
106 5
24 119
120 65
18 45
37 58
56 71
109 97
100 114
104 39
117 58
55 30
16 120
7 71
19 125
93 111
51 114
115 92
117 9
120 95
12 122
25 61
44 74
85 112
125 104
77 2
88 117
119 5
120 46
18 58
4 123
37 71
117 39
18 11
55 61
13 64
77 32
4 15
23 28
120 76
123 34
71 67
74 25
66 75
125 85
2 90
59 72
78 85
43 64
77 62
81 90
20 80
31 11
64 123
55 74
77 13
90 32
91 73
6 37
47 75
66 88
50 80
93 69
27 96
85 59
43 77
90 62
1 80
93 20
36 37
35 78
91 54
73 104
83 38
96 57
10 21
29 34
15 99
6 50
47 88
50 93
91 94
22 31
96 8
27 109
35 21
40 48
24 40
91 84
104 103
93 1
94 42
107 61
14 32
45 33
45 99
37 17
50 36
35 91
104 54
38 96
57 109
98 110
34 10
112 15
51 28
56 31
94 72
91 107
110 49
48 21
113 7
61 40
40 5
53 24
104 84
42 107
14 45
99 26
112 45
50 17
115 3
16 54
59 19
97 60
79 110
123 98
37 113
56 126
51 9
64 28
12 56
69 31
72 107
30 110
49 123
2 11
7 126
5 53
54 46
67 65
70 23
110 109
26 112
67 113
126 86
39 51
64 58
16 67
19 72
60 110
79 123
120 124
113 18
126 37
9 64
12 69
53 70
121 113
11 73
116 126
2 24
46 67
80 65
118 106
70 4
83 23
109 123
67 126
39 64
73 41
124 101
18 126
70 34
83 53
11 86
30 27
71 73
4 83
89 48
1 14
20 27
92 6
64 70
73 22
86 41
24 13
34 83
84 75
97 94
87 33
100 52
92 36
8 30
27 43
68 81
87 94
71 86
90 99
10 76
89 29
102 48
27 1
105 6
64 83
22 86
87 63
82 100
40 103
46 15
75 97
14 87
33 100
52 113
17 92
36 105
43 8
10 89
29 102
103 70
106 28
33 26
45 46
31 111
49 3
100 63
113 82
35 38
21 103
116 40
5 95
43 38
24 108
47 37
56 60
98 97
100 14
100 103
105 17
106 58
119 77
30 44
49 57
7 60
100 93
112 113
51 103
116 70
111 117
9 106
28 119
26 46
12 111
124 31
62 3
63 44
101 85
104 114
88 106
21 116
107 119
5 108
24 121
122 65
47 18
37 60
23 125
56 73
97 111
100 116
106 39
58 119
30 57
122 16
51 116
92 117
119 9
95 122
124 12
53 125
25 63
76 44
114 85
79 2
119 88
46 122
18 60
61 59
4 125
66 62
39 119
80 120
20 11
83 125
55 63
76 74
13 66
79 32
17 4
76 122
125 34
25 76
66 77
69 82
2 92
120 110
59 74
87 78
43 66
62 79
92 81
82 20
11 33
125 64
55 76
79 13
73 93
6 39
77 47
66 90
50 82
69 95
8 85
27 98
79 43
82 1
95 20
96 61
14 21
33 34
26 17
39 36
80 35
93 54
73 106
38 85
57 98
10 23
36 29
15 101
6 52
90 47
50 95
91 96
8 98
27 111
37 21
50 40
42 24
93 84
103 106
96 42
61 109
14 34
47 33
45 101
17 39
104 3
52 36
93 35
98 38
111 57
98 112
36 10
114 15
115 56
9 40
53 28
12 45
31 58
96 72
91 109
30 99
49 112
50 21
115 7
42 5
24 55
42 109
101 26
114 45
115 86
40 39
117 3
56 16
61 19
60 99
79 112
98 125
115 37
53 9
66 28
58 12
31 71
109 72
30 112
49 125
13 2
55 5
56 46
69 65
106 107
4 59
72 23
109 112
67 115
53 39
25 118
58 66
16 69
19 74
60 112
126 120
18 115
59 34
53 72
113 123
75 11
2 26
118 55
69 46
72 4
85 23
41 75
101 126
72 34
53 85
88 11
52 89
8 19
32 27
68 70
75 71
29 78
48 91
1 16
20 29
6 94
64 72
83 85
75 22
88 41
82 89
35 15
75 86
94 99
33 89
102 52
36 94
32 8
45 27
68 83
71 88
10 78
91 29
48 104
29 1
107 6
22 88
63 89
82 102
21 92
105 40
24 97
15 48
75 99
