1000 997
641 986
870 333
398 698
415 1
373 534
958 657
252 662
531 971
479 188
954 950
798 149
924 43
192 876
882 914
673 578
618 488
451 254
249 336
60 824
780 624
634 309
894 897
750 785
500 610
608 466
62 366
100 231
390 497
268 471
783 650
580 376
503 172
294 352
888 845
969 170
302 185
814 658
562 688
97 44
794 305
596 839
725 822
93 493
953 417
973 257
978 344
321 509
667 438
583 756
552 787
640 24
994 332
184 351
277 588
852 25
364 556
822 687
104 489
120 366
220 453
642 568
77 633
969 596
837 709
911 981
590 196
371 451
301 890
865 257
974 482
316 303
114 426
269 38
126 629
989 766
741 560
365 272
414 934
683 155
121 541
113 866
217 676
408 76
375 256
460 82
282 8
620 367
178 931
346 506
926 611
454 117
730 565
923 692
962 41
977 721
826 436
779 820
82 325
389 998
956 725
583 116
263 364
153 870
192 322
387 312
745 763
540 391
211 820
767 540
491 865
894 426
311 669
74 186
726 644
240 636
571 3
706 808
271 889
59 472
706 458
390 599
418 679
956 918
80 522
32 207
431 128
4 801
7 43
900 419
652 235
356 960
160 231
162 847
465 442
757 95
129 670
518 640
479 621
172 241
729 401
61 782
320 256
475 309
819 63
90 934
902 562
82 176
377 1
943 823
682 417
473 592
254 248
792 432
603 967
841 857
593 755
215 714
725 93
958 6
790 68
478 229
985 605
78 992
345 195
424 833
281 525
603 814
904 168
248 34
509 779
379 133
341 81
44 441
957 264
89 449
237 863
831 447
542 125
558 219
345 12
821 804
13 319
392 486
415 386
456 916
26 774
50 466
481 671
553 839
389 835
788 220
351 73
372 535
944 759
483 524
532 664
99 251
970 100
767 464
487 732
148 372
554 413
368 118
241 847
801 798
917 710
65 612
486 365
115 204
248 990
31 479
108 839
931 713
456 96
607 537
93 329
249 558
667 463
609 320
54 886
62 979
78 816
688 776
332 583
324 719
747 240
826 709
540 451
855 270
360 103
498 118
161 957
253 942
586 841
687 371
995 840
48 680
899 383
210 599
676 923
438 853
38 990
882 791
638 878
400 988
949 549
32 839
871 438
825 621
450 934
818 287
282 712
62 51
471 449
8 91
127 847
825 583
323 368
172 873
816 59
515 956
677 507
211 953
218 213
379 528
856 39
464 465
323 862
650 991
843 70
865 925
987 776
594 858
363 315
662 736
934 469
92 193
697 950
145 446
480 854
61 623
313 695
259 724
319 348
397 447
492 281
627 388
208 202
56 126
167 250
10 532
750 970
397 204
514 721
37 369
125 918
441 709
809 800
413 14
841 77
258 117
30 13
711 241
485 672
765 387
322 794
430 745
466 400
928 747
50 860
751 714
348 941
241 967
673 997
24 313
805 754
523 811
390 547
508 405
501 872
653 759
997 305
135 266
511 922
909 648
806 755
642 462
732 16
294 176
920 827
962 251
716 805
745 528
158 645
368 162
747 311
9 940
731 943
349 612
390 36
211 251
939 999
297 440
575 248
437 990
664 880
325 520
864 715
869 931
912 819
593 248
957 366
770 41
876 277
605 217
929 131
846 677
51 164
864 398
435 913
480 826
190 186
935 58
928 864
702 50
390 798
949 301
358 827
321 927
744 15
55 399
375 480
604 739
300 16
371 775
367 396
814 945
662 428
558 39
70 298
696 221
254 891
949 397
677 994
580 625
491 3
956 810
867 414
317 296
424 911
396 413
642 530
430 573
394 498
19 444
24 788
515 170
420 43
848 828
129 999
263 661
668 728
639 841
3 365
156 217
722 857
48 745
847 190
80 963
715 818
361 976
789 276
586 255
430 438
125 211
833 110
611 600
779 991
312 217
707 315
610 394
109 886
583 796
623 56
708 422
822 696
508 622
760 545
47 431
530 637
672 278
603 905
340 75
514 647
682 789
975 319
218 267
525 309
424 753
300 467
446 521
601 971
344 501
482 843
61 203
246 743
912 648
60 95
414 983
843 980
919 374
982 626
404 780
828 15
558 236
40 494
512 157
198 711
659 568
890 758
641 881
382 639
711 824
156 333
528 604
254 966
291 350
510 453
525 484
467 341
510 663
847 509
796 449
947 600
654 549
246 47
987 976
548 137
187 805
800 138
162 730
912 427
896 238
893 416
724 448
963 152
88 808
365 44
155 46
162 586
1000 299
338 830
698 92
189 231
565 562
761 742
694 220
444 448
599 861
503 272
902 908
741 523
447 593
915 241
364 196
653 529
133 662
518 54
486 966
148 961
359 283
298 924
741 507
444 978
149 517
67 326
744 705
541 654
676 8
623 791
54 554
767 975
711 645
322 881
697 83
262 839
104 402
500 729
697 217
543 947
970 843
330 48
796 152
708 627
214 127
411 289
782 228
3 444
185 848
86 460
212 14
636 320
26 275
244 191
562 459
820 744
564 136
750 169
704 330
855 916
984 139
958 547
556 399
346 639
694 570
443 300
542 623
97 102
568 201
821 109
680 501
997 488
560 330
621 548
172 75
220 82
878 932
441 665
105 478
617 729
156 947
305 661
130 153
936 327
893 920
119 214
693 220
196 345
214 479
475 672
170 102
787 95
401 19
214 497
150 732
186 398
821 918
163 442
819 985
740 351
767 274
85 33
682 342
721 435
984 432
38 109
967 539
222 604
960 949
594 75
26 162
657 76
37 311
744 176
950 551
813 170
203 761
644 998
991 176
454 189
811 224
522 981
548 652
768 209
951 178
294 488
219 723
360 153
890 191
321 40
206 241
450 405
357 252
382 448
968 128
925 498
331 264
560 720
803 159
735 602
539 160
78 460
152 925
363 73
374 347
135 949
520 674
856 138
776 411
187 13
23 133
7 27
322 120
305 624
232 801
407 235
973 313
158 205
277 571
285 41
858 934
849 519
844 769
82 960
602 510
737 606
561 595
627 604
955 816
418 182
382 681
188 93
700 36
713 808
991 24
746 289
488 717
42 371
493 141
747 737
212 544
19 10
737 77
833 283
608 791
270 18
992 886
812 527
431 686
337 404
925 113
609 24
721 915
162 561
899 387
466 954
830 131
8 85
385 975
800 988
867 978
115 220
730 51
621 244
679 698
623 645
187 44
495 20
381 614
170 151
64 767
603 301
433 351
444 899
958 291
108 437
180 960
733 925
352 407
339 51
368 504
194 787
246 65
949 861
731 305
283 316
540 106
504 949
923 622
457 267
31 598
819 961
421 238
848 731
409 568
339 342
768 995
365 870
554 806
133 34
363 937
884 597
933 634
115 853
123 210
748 784
655 577
64 268
950 199
631 506
561 541
271 975
654 865
887 506
482 502
927 52
186 787
470 784
987 123
549 283
346 31
719 869
487 266
847 343
933 17
334 878
487 149
649 334
997 96
827 146
465 980
246 914
123 169
877 915
789 770
178 639
324 119
241 826
629 368
726 16
365 465
918 934
835 241
211 407
831 222
538 277
260 705
472 695
860 938
692 40
382 90
622 498
973 731
582 603
208 941
616 601
632 277
164 682
188 69
470 308
299 641
553 786
788 576
594 833
674 676
733 391
671 603
478 843
87 489
728 225
925 842
37 906
234 279
510 424
822 1
859 996
257 909
920 135
12 602
88 35
564 442
526 823
683 70
840 146
252 431
89 971
887 713
527 352
357 367
287 78
576 680
647 611
451 896
157 687
368 330
932 374
290 960
805 226
617 937
419 464
389 701
933 609
939 640
892 220
769 584
866 232
174 58
749 242
320 848
10 372
692 976
120 414
75 272
641 280
731 706
735 463
635 249
971 874
308 104
524 754
214 163
65 69
782 906
232 484
70 413
910 154
654 949
485 939
388 750
604 335
375 7
114 465
188 652
818 515
267 716
17 10
872 53
303 400
145 36
513 884
678 545
732 680
908 977
993 91
706 419
281 763
173 397
688 5
847 570
730 836
656 622
536 980
511 128
131 266
861 551
3 745
877 383
660 786
846 876
165 1
772 847
339 798
879 49
581 987
291 403
434 282
680 709
497 155
713 895
763 60
230 271
828 35
458 315
911 272
427 556
478 741
183 842
462 495
502 294
176 803
141 418
992 418
722 639
438 415
323 602
469 894
244 281
294 776
772 671
737 672
357 242
817 555
573 502
910 446
268 495
392 939
694 58
563 848
413 751
596 254
669 43
348 193
576 35
271 923
874 368
637 891
2 380
650 681
826 925
831 247
268 872
457 960
177 763
307 625
615 508
7 95
839 980
267 233
422 539
263 811
526 785
410 830
625 629
760 568
207 124
302 897
223 994
913 290
440 103
397 658
685 805
396 940
490 375
445 954
632 169
790 286
914 263
904 609
666 241
476 211
903 682
5 237
671 233
614 619
664 498
662 677
485 892
694 746
135 621
153 382
773 606
519 32
573 22
146 779
67 486
309 904
601 676
453 512
901 234
315 798
173 894
547 34
531 697
552 26
113 193
678 16
456 712
