1000 996
773 685
247 291
779 621
719 433
773 904
840 733
670 28
769 716
341 268
359 370
208 875
405 107
480 916
310 514
286 803
787 445
391 676
532 801
911 968
261 319
700 766
142 804
112 623
60 433
629 742
875 883
422 776
696 695
427 891
15 272
705 737
448 932
823 368
597 577
490 678
210 413
468 937
14 349
28 485
143 46
407 324
33 600
760 195
168 416
347 885
468 528
645 73
598 193
339 643
72 537
833 767
935 368
282 764
292 558
139 465
552 512
744 63
764 165
625 591
140 271
264 57
303 307
118 936
179 775
900 738
773 88
464 953
152 510
548 785
180 209
324 622
884 868
430 649
607 348
781 77
307 807
84 259
430 905
416 732
253 187
160 901
729 972
287 438
244 894
302 22
290 345
216 405
874 927
944 494
710 610
501 803
149 662
671 976
745 107
683 941
590 988
259 46
690 547
997 590
279 619
827 796
315 109
838 991
80 666
531 140
803 474
231 417
70 472
796 863
789 46
692 891
802 307
958 824
41 45
643 380
180 478
6 981
357 267
560 848
561 417
703 211
531 821
182 162
328 870
348 458
390 958
7 146
357 515
338 938
530 3
896 909
86 546
475 58
495 411
895 730
54 761
998 13
220 70
805 546
192 582
802 86
156 647
919 938
47 502
927 528
129 791
707 227
713 29
350 768
754 39
378 110
831 747
848 367
824 664
629 380
541 744
750 669
856 994
183 618
416 357
202 241
621 247
748 823
544 322
581 655
28 1000
493 780
774 103
922 432
390 715
259 193
61 777
386 397
554 440
956 370
525 399
966 52
168 7
33 306
145 874
757 764
22 404
330 529
967 982
284 571
644 84
6 706
540 595
356 914
976 412
18 290
956 70
432 814
320 573
191 846
156 498
106 906
302 132
671 192
982 377
180 715
342 786
841 25
366 716
989 103
304 146
332 583
731 994
817 908
422 371
948 256
473 955
771 630
746 168
672 329
179 62
117 780
546 777
416 838
895 866
365 854
733 783
287 535
425 905
778 791
761 958
940 800
343 454
373 168
746 978
736 342
437 479
642 304
496 803
123 441
91 507
96 613
856 339
87 137
99 102
688 557
96 869
550 801
840 643
507 830
80 763
709 785
212 891
382 826
463 305
186 164
122 607
894 421
49 119
798 890
348 443
43 561
668 641
80 53
999 772
327 338
378 950
509 474
474 224
785 807
589 229
77 702
319 305
923 580
685 976
398 30
733 684
95 198
738 676
70 690
368 190
844 419
58 734
381 295
537 988
682 836
380 148
335 472
77 338
330 366
745 479
279 958
812 488
57 51
503 64
559 329
80 102
639 463
164 119
44 417
9 69
458 316
908 471
738 834
423 441
884 888
299 396
547 647
385 814
319 887
85 720
620 878
944 181
510 109
848 468
433 50
134 603
879 342
639 995
183 715
203 702
255 749
81 447
454 540
184 954
773 405
224 999
666 966
23 591
210 445
211 660
233 189
699 449
275 165
308 858
832 571
177 951
20 293
813 666
795 973
311 347
695 858
276 32
372 249
487 109
248 831
163 378
819 921
735 940
121 113
573 62
325 1
92 583
712 23
666 340
901 265
854 744
400 964
218 933
467 270
373 965
171 174
351 797
995 699
236 303
996 152
139 636
603 789
700 229
204 387
715 619
918 138
690 766
676 275
946 943
519 333
84 727
621 90
487 586
912 67
434 141
902 268
896 633
217 600
816 999
462 776
168 317
381 937
682 666
510 691
499 654
390 366
920 549
312 855
662 207
530 454
146 414
716 487
611 621
783 496
3 365
641 211
332 522
3 850
691 860
811 788
682 221
707 823
816 780
475 443
240 942
190 456
255 424
224 607
620 845
83 339
755 899
972 995
736 895
384 843
140 70
424 897
56 879
794 845
241 525
959 73
238 865
782 40
487 666
436 453
951 35
302 129
456 468
135 898
118 311
77 273
780 704
92 25
682 636
593 106
589 109
671 111
169 792
776 579
991 413
713 865
505 246
46 151
466 239
517 581
781 47
65 829
810 651
930 514
232 588
75 205
298 111
105 6
815 152
734 325
820 122
94 474
428 255
810 334
746 545
874 268
791 563
186 152
494 719
893 716
485 348
733 303
808 976
514 804
644 112
709 98
706 992
36 87
699 114
267 276
864 470
176 503
281 696
776 309
767 998
805 266
213 55
267 532
88 161
776 454
781 446
610 871
602 629
565 406
324 913
591 37
481 264
651 348
863 488
329 72
463 699
410 152
179 940
131 473
196 364
369 939
954 915
273 831
703 299
671 16
292 23
651 59
515 602
679 323
512 100
932 114
939 91
970 467
230 478
780 320
628 465
224 803
410 939
565 971
481 999
107 254
864 424
90 848
430 330
501 347
598 748
738 440
778 92
744 811
306 296
427 323
245 489
98 717
427 902
237 494
399 565
540 779
206 525
483 135
1 394
360 830
924 426
705 595
252 103
280 19
688 942
769 278
663 658
874 233
443 455
98 173
269 976
156 300
429 232
489 13
366 756
729 192
554 965
955 11
915 612
726 253
78 218
172 509
862 450
718 237
811 513
819 994
623 781
70 461
232 59
475 775
828 569
166 959
831 36
630 923
190 242
266 637
559 155
717 272
405 288
38 11
243 272
606 989
873 309
41 564
171 503
203 208
423 477
337 123
927 745
443 980
772 430
586 542
797 974
97 21
874 583
444 954
734 756
950 185
932 213
777 834
688 896
269 141
407 22
892 825
808 683
506 102
509 930
839 546
227 961
794 748
248 764
709 982
771 236
767 613
901 486
1 78
888 517
892 274
964 526
22 546
9 100
514 494
633 681
337 957
941 736
319 680
79 909
963 348
402 705
169 317
859 511
443 804
26 543
417 913
455 787
669 113
484 594
154 957
719 636
125 643
575 568
298 751
745 122
844 995
783 341
604 52
606 548
269 916
548 288
530 966
494 891
935 744
302 166
682 200
59 981
396 87
636 517
739 544
85 234
322 537
716 534
295 672
745 480
8 777
616 164
179 479
369 311
604 236
790 258
98 908
666 68
666 862
322 820
626 646
937 614
208 70
676 750
207 165
45 29
466 949
437 138
761 593
352 546
877 639
973 867
58 28
542 500
354 497
525 864
825 14
950 177
89 828
659 94
18 557
743 410
845 1000
750 991
842 477
89 190
666 830
156 518
683 378
694 947
622 653
278 843
277 637
501 790
584 522
272 967
495 957
840 784
808 105
799 743
381 250
303 5
634 892
236 873
304 361
330 73
378 186
997 851
277 151
361 187
364 262
242 163
637 261
957 301
877 563
475 8
909 584
24 163
716 479
517 590
378 137
907 943
306 176
969 549
353 756
697 804
208 676
377 98
511 961
672 211
59 971
938 105
91 765
618 669
473 198
309 290
679 32
547 627
532 431
12 957
178 17
561 271
796 207
30 355
245 441
660 591
254 746
433 218
555 55
510 690
328 713
8 870
24 320
119 292
319 741
979 726
545 284
706 487
99 490
36 779
636 713
491 334
864 681
228 729
86 80
148 858
909 219
391 625
355 690
539 70
374 932
647 978
911 869
512 30
128 242
460 990
853 464
712 123
212 888
209 752
781 166
907 11
7 101
274 881
900 538
774 721
413 658
938 222
703 191
805 177
154 663
901 143
340 664
769 401
272 795
968 35
196 647
494 588
15 733
571 960
947 951
846 908
926 928
215 260
795 351
937 541
788 413
367 204
936 887
532 974
304 463
811 825
180 266
466 772
788 823
58 151
40 691
921 264
349 870
333 228
207 121
615 71
850 381
284 63
863 15
374 238
276 666
410 755
847 994
785 408
405 887
356 64
403 329
126 578
973 957
813 207
447 66
757 957
982 202
588 156
380 732
940 131
855 509
934 496
700 822
992 505
309 937
221 132
310 673
933 591
239 869
503 265
541 77
637 294
185 340
497 406
9 16
622 777
7 473
728 334
899 63
231 144
625 538
105 487
718 418
1 695
603 611
925 777
360 227
640 454
498 420
418 130
892 455
488 889
782 565
977 186
833 396
754 554
242 226
65 953
302 399
139 512
730 589
794 545
916 477
175 111
839 156
469 436
822 296
739 754
572 915
854 847
323 121
480 661
914 784
164 541
455 586
805 35
956 487
244 820
553 373
179 184
397 910
415 96
504 481
336 805
555 301
146 681
433 107
66 154
402 854
754 177
155 339
195 98
427 807
15 188
619 730
411 664
288 123
209 557
428 497
868 143
336 679
701 54
114 841
465 928
8 405
273 587
356 365
657 851
275 529
377 397
43 381
906 234
587 61
802 650
166 213
958 183
791 704
653 416
212 576
327 423
767 488
327 15
694 872
73 826
545 892
972 417
455 376
930 586
715 239
560 249
295 866
393 544
775 936
177 740
94 885
649 465
157 122
75 890
520 566
594 790
237 139
54 678
935 104
50 159
217 803
253 640
655 537
520 584
162 876
172 670
391 708
85 522
801 282
949 840
833 281
273 591
760 849
389 51
51 398
632 188
