1000 998
226 744
580 212
273 447
757 807
871 713
939 19
259 521
321 71
887 534
573 717
543 954
610 538
913 20
950 920
421 34
100 78
39 545
475 63
732 997
262 684
342 18
380 438
599 583
669 308
999 147
940 407
927 137
132 70
390 717
736 451
277 73
659 152
999 523
954 388
744 401
510 400
888 845
432 300
845 744
3 554
180 614
820 293
540 768
907 270
194 432
613 526
369 88
729 572
551 498
334 245
942 528
151 327
351 352
709 364
292 174
882 523
221 660
994 583
505 666
38 386
907 221
673 471
515 92
70 109
405 844
440 223
960 596
552 261
883 33
995 188
853 154
470 432
164 665
194 400
417 427
902 761
782 407
411 505
173 960
503 69
98 966
513 350
297 224
361 158
175 670
803 993
728 329
120 57
933 269
961 174
935 426
10 301
776 761
211 186
621 863
189 690
295 258
298 606
483 180
735 625
470 200
708 211
291 144
862 560
517 252
831 849
530 592
501 422
776 922
470 550
395 785
584 408
780 229
953 736
348 746
804 849
720 226
930 862
138 607
999 788
744 521
475 548
250 677
198 32
456 306
230 555
999 616
21 54
413 68
364 176
872 952
268 685
250 560
125 538
53 531
507 339
370 485
674 216
482 546
139 976
291 204
97 732
320 150
978 822
524 289
275 598
968 917
822 360
667 7
599 978
246 293
196 701
694 269
655 106
453 291
436 275
13 616
867 776
427 988
381 330
176 33
989 613
669 750
122 370
126 91
5 877
464 637
230 559
831 839
694 337
360 934
865 66
331 31
755 304
658 299
545 451
14 455
101 194
743 704
340 448
650 311
745 753
168 778
576 832
919 665
752 297
388 95
922 489
684 383
331 494
58 973
472 869
492 847
250 905
289 357
95 226
459 670
416 461
547 90
93 958
508 468
949 887
919 627
141 351
354 495
836 33
167 925
851 434
739 290
944 565
520 765
306 702
338 407
889 776
940 596
843 301
619 350
801 891
766 376
798 49
171 495
501 797
977 754
265 422
43 584
169 305
716 568
931 402
680 288
350 902
105 824
233 982
783 471
204 134
396 442
72 894
342 54
637 312
15 521
916 102
797 399
749 205
325 172
88 609
802 995
693 850
757 853
804 937
841 587
346 477
222 202
718 438
457 21
521 594
456 632
206 210
632 71
33 678
597 217
381 449
433 58
346 92
273 52
246 642
324 123
679 402
958 936
107 972
791 713
807 796
935 268
864 396
838 252
101 687
869 377
749 750
736 149
259 706
792 212
276 795
882 387
972 203
809 770
984 518
677 730
600 617
581 69
27 337
580 510
850 38
539 616
712 157
542 447
619 4
111 574
440 759
343 579
971 355
441 66
457 1000
218 216
786 702
144 778
948 191
944 568
124 391
57 728
216 474
25 943
595 641
520 876
966 981
111 192
35 81
879 236
724 810
791 337
45 363
707 184
812 904
482 155
70 923
62 690
456 757
1 204
699 62
202 432
451 1
588 885
355 299
997 133
435 563
991 487
148 631
372 623
556 682
616 974
572 195
29 787
526 928
926 503
217 569
483 868
999 688
662 119
921 181
973 293
503 192
931 629
528 601
815 59
988 240
779 545
28 580
971 96
158 528
258 234
836 279
310 415
586 312
482 330
308 970
65 309
295 515
637 383
613 156
569 73
513 603
766 739
841 513
656 670
799 442
512 277
636 939
567 830
968 604
630 379
309 544
291 657
952 404
748 448
698 680
16 965
948 396
397 922
884 345
835 57
409 658
69 571
631 235
284 252
331 577
827 309
712 187
837 746
805 78
30 338
39 176
590 953
639 79
427 47
410 586
612 693
409 377
317 73
569 768
958 214
566 833
225 540
901 6
58 939
145 32
172 799
866 733
134 77
287 134
984 155
197 999
290 296
333 505
613 603
501 74
59 549
240 161
938 115
359 899
853 904
491 158
950 168
429 994
444 38
635 672
59 387
946 305
351 30
427 301
685 381
102 190
109 324
52 91
925 320
538 757
874 132
169 95
54 317
164 287
220 578
641 124
573 171
975 330
17 515
540 794
454 292
703 830
955 529
787 245
199 253
832 140
860 34
475 261
206 814
795 552
803 66
896 701
981 323
103 950
638 97
79 840
575 927
149 419
497 443
632 909
393 398
726 471
977 741
244 507
503 214
144 340
415 682
537 680
416 19
924 66
778 990
788 556
28 641
730 547
794 96
626 180
176 159
629 138
364 465
471 166
420 229
668 28
586 685
406 727
71 746
801 498
160 177
328 216
720 576
849 137
951 878
501 726
193 148
984 592
263 269
436 235
262 180
309 194
47 156
453 667
72 805
127 237
903 853
361 238
767 9
833 760
444 90
746 420
867 60
67 488
591 884
446 893
17 478
332 642
816 772
408 610
387 816
875 899
326 995
406 448
953 266
526 255
464 956
279 654
180 868
892 997
156 431
320 762
37 968
35 797
309 771
460 931
529 536
568 550
152 787
573 719
194 286
841 432
273 287
875 872
168 57
702 440
788 666
755 875
666 316
2 619
198 930
948 159
604 154
702 729
970 22
769 877
119 28
157 758
185 448
67 474
648 518
459 562
513 542
981 839
128 313
269 590
137 947
560 524
440 576
446 470
487 66
946 483
171 540
556 778
325 598
116 32
701 508
411 930
861 648
880 720
161 984
211 594
542 341
774 866
160 11
930 323
861 40
515 50
596 348
423 345
627 339
198 651
269 940
701 314
125 694
129 417
54 652
617 66
128 461
805 133
693 895
596 715
89 866
346 540
447 193
892 620
964 861
789 957
412 881
385 312
27 234
220 549
347 352
904 934
542 609
953 558
881 742
903 616
213 165
764 635
543 928
237 754
735 81
239 76
960 978
102 300
830 477
217 534
611 36
672 254
781 624
572 591
787 752
634 813
200 719
287 458
422 512
940 608
969 169
955 881
446 280
385 315
947 603
703 466
827 577
345 161
301 505
216 290
971 898
27 521
855 233
8 517
758 838
552 489
523 281
789 604
352 574
437 378
558 436
827 405
227 323
212 661
65 224
628 403
533 410
744 187
866 286
84 103
500 844
803 470
39 882
497 255
204 70
255 744
63 165
203 126
477 726
328 975
836 754
598 96
799 770
227 929
146 199
138 851
130 758
764 687
10 940
238 947
9 459
755 828
738 50
344 149
169 182
595 206
572 972
828 504
227 198
258 178
594 978
759 19
380 878
793 958
529 64
909 650
561 481
983 876
129 658
162 179
974 988
292 792
345 947
841 340
39 850
114 615
412 344
236 4
721 651
44 708
64 385
534 810
794 189
356 404
484 989
25 57
387 391
641 209
500 99
673 124
242 418
553 679
126 87
121 38
571 552
605 735
835 579
725 62
227 190
981 564
98 400
560 858
215 567
475 872
521 125
450 97
938 326
559 333
206 217
468 214
944 610
349 84
625 816
465 392
249 15
618 616
393 314
38 71
752 875
971 359
231 228
14 308
899 921
676 431
372 357
775 885
296 640
549 960
876 262
461 695
393 287
952 511
876 11
147 935
125 242
360 661
963 450
322 527
803 37
806 112
7 533
982 240
750 815
951 994
230 807
579 695
685 25
919 675
186 611
531 902
422 995
429 854
873 228
122 474
161 545
372 756
738 4
258 883
333 274
157 840
259 708
678 10
664 775
405 762
602 505
806 877
356 659
727 733
817 484
608 441
855 34
8 488
110 603
439 347
243 638
39 988
236 751
656 109
839 415
965 271
817 446
124 766
192 254
21 274
955 104
547 887
725 160
423 461
63 118
193 484
904 865
856 8
927 170
789 637
451 797
268 514
139 21
64 873
848 753
378 794
495 574
732 612
777 485
376 632
121 760
911 910
227 262
954 27
262 249
985 381
409 264
622 75
45 630
404 541
42 454
974 688
874 463
466 781
28 537
196 768
619 731
314 61
351 669
26 491
393 415
800 177
34 315
757 957
825 522
742 828
121 490
419 93
586 837
244 56
676 636
900 732
265 120
535 44
824 366
42 840
769 36
676 279
203 519
891 113
216 974
239 887
261 905
179 129
729 269
247 827
533 955
644 568
708 524
477 345
814 267
955 31
28 303
514 533
167 736
752 999
58 829
691 369
632 674
219 755
240 549
288 864
213 870
179 80
408 789
453 940
363 273
232 90
792 366
839 680
939 643
614 281
907 622
350 695
104 563
382 314
493 613
544 835
234 929
508 25
393 684
899 238
154 262
446 519
299 747
154 765
582 90
164 568
954 900
799 226
164 815
98 842
321 49
448 235
574 487
409 911
651 33
439 274
127 667
133 59
901 359
537 651
483 11
908 336
569 729
267 222
633 101
317 913
377 397
50 35
596 22
424 490
168 561
801 358
341 730
108 757
698 406
400 123
892 891
858 189
985 927
98 999
153 279
843 973
267 786
997 896
487 551
962 908
265 587
359 640
196 140
662 244
494 55
16 822
516 74
567 493
937 369
18 859
171 961
216 48
512 598
964 391
756 806
848 576
39 909
121 960
967 349
138 375
