1000 999
205 950
560 760
776 632
991 477
878 640
184 509
746 154
246 731
791 183
256 623
472 116
678 229
103 938
999 862
703 61
478 735
460 547
571 634
846 319
677 73
605 785
17 862
604 60
689 137
910 651
992 557
193 37
632 906
524 179
597 375
708 372
161 744
296 798
687 692
221 377
255 528
964 110
352 726
39 504
467 536
297 372
215 729
988 299
149 793
766 719
600 33
682 875
653 380
317 386
451 303
437 148
645 632
2 630
989 408
632 654
616 580
933 422
232 665
136 301
574 124
609 352
792 563
290 190
923 121
31 126
504 715
994 679
227 852
294 765
19 646
777 358
775 809
841 523
532 4
197 280
647 20
370 13
226 325
430 640
373 533
549 456
203 21
10 957
309 350
491 51
955 132
883 807
86 466
809 41
816 976
860 845
675 708
883 412
892 663
767 931
522 615
489 415
529 463
559 762
268 955
91 666
678 710
869 499
738 913
383 447
552 732
745 58
666 735
382 697
401 198
793 307
487 343
267 64
194 13
143 569
926 574
479 765
913 438
181 452
285 918
433 816
134 767
300 790
195 14
371 248
450 994
553 979
654 882
451 276
567 177
887 886
326 946
901 191
599 6
403 891
964 181
480 595
18 421
807 239
673 770
95 366
311 161
305 761
687 561
626 365
585 895
904 922
508 693
471 793
66 726
551 673
543 898
259 174
605 202
942 531
357 780
728 980
612 750
785 734
58 740
241 145
437 314
501 919
920 194
87 16
639 190
689 899
529 155
554 344
708 356
1 480
343 747
647 118
746 304
489 399
572 597
127 457
84 999
548 22
584 458
17 451
179 998
540 748
24 328
106 85
321 453
550 941
691 809
396 712
741 727
788 998
525 597
825 629
64 495
967 344
342 521
100 350
370 601
445 515
407 650
936 7
830 2
608 649
187 903
236 202
221 716
223 420
548 505
378 141
138 480
511 991
918 220
78 834
586 279
662 405
999 461
951 755
330 915
69 883
941 223
754 631
533 11
902 612
93 194
166 416
249 661
420 799
553 834
390 178
978 359
127 982
831 946
496 436
737 537
27 477
159 395
984 381
775 483
543 915
299 184
697 973
418 484
552 573
219 674
593 141
518 589
547 207
730 502
783 607
517 440
369 475
176 825
291 264
186 353
453 706
557 180
616 27
16 2
818 975
785 273
188 579
365 602
509 201
517 727
111 606
951 853
68 35
707 571
993 818
508 151
649 49
83 889
377 296
353 148
380 109
993 886
667 553
152 323
384 11
36 557
238 939
450 691
945 773
153 724
983 719
381 110
251 747
546 893
615 498
908 577
28 967
992 217
200 683
850 172
690 294
686 158
918 367
163 612
784 819
839 468
550 146
402 903
4 219
262 752
210 562
373 876
97 932
261 369
498 170
114 872
177 403
209 624
98 500
165 837
753 846
27 49
375 254
648 231
536 866
424 777
292 153
828 885
640 109
759 481
793 936
455 407
990 950
129 200
251 562
686 819
742 970
289 157
986 429
542 177
121 214
265 389
427 77
385 827
712 670
868 668
531 473
164 51
160 974
502 432
246 888
14 502
839 343
454 926
335 187
453 970
551 886
807 324
337 359
12 6
260 661
570 559
798 150
569 611
650 74
560 392
376 881
299 997
804 568
227 159
390 407
518 565
286 569
534 909
26 866
603 464
934 617
169 896
393 561
607 997
243 464
813 636
70 34
87 472
674 47
106 760
865 585
526 244
942 986
735 782
902 56
968 768
71 473
326 345
543 540
94 367
15 739
160 816
812 559
945 487
787 504
539 754
746 967
282 674
818 222
952 647
994 467
207 500
75 628
140 846
874 34
23 837
9 45
832 854
671 264
683 590
708 958
575 694
369 446
761 821
720 312
661 370
871 850
23 437
947 355
400 433
510 830
265 244
346 569
964 422
121 469
339 530
411 936
226 909
974 212
581 957
415 943
9 166
480 135
663 928
840 619
96 143
596 337
740 539
875 105
66 529
604 958
948 50
245 778
56 991
176 944
576 23
126 2
142 286
498 577
128 202
847 171
540 236
39 786
45 442
936 43
811 373
2 620
615 1000
824 130
199 765
829 133
848 280
3 472
996 250
781 20
680 498
845 99
185 458
333 156
900 537
108 912
979 513
515 769
927 654
592 854
41 23
792 430
259 77
636 659
904 864
826 764
923 278
877 450
583 912
848 387
144 861
757 162
403 783
409 625
975 949
6 73
930 825
380 409
341 90
921 457
544 487
566 935
996 29
152 810
559 278
431 148
482 685
727 809
713 963
390 895
215 341
723 766
516 146
225 669
210 290
286 410
521 32
712 756
327 793
474 964
977 482
288 121
571 535
151 734
760 44
76 164
580 295
511 897
290 901
321 489
380 575
139 598
596 855
174 11
707 113
816 734
272 145
901 849
226 355
554 122
592 185
619 119
240 115
310 763
175 282
413 274
59 89
402 38
447 759
750 769
698 337
874 822
571 636
289 658
992 147
84 298
205 835
119 228
235 696
703 452
388 8
31 780
53 301
752 104
532 821
555 557
140 705
859 238
820 638
408 614
696 901
982 444
966 121
712 135
130 944
62 889
143 963
374 868
145 905
27 504
608 443
271 270
116 451
760 529
217 512
595 714
415 793
40 223
602 33
637 21
315 227
668 494
689 916
252 497
188 732
99 794
211 5
887 980
446 75
405 837
957 459
11 25
953 836
651 255
21 484
573 155
997 439
801 763
791 594
814 771
257 602
392 656
621 549
499 54
832 937
226 462
559 751
105 590
648 270
546 979
422 334
32 340
753 225
869 656
827 462
749 351
123 312
883 765
158 592
890 731
411 368
18 945
627 671
907 954
397 465
24 619
917 335
16 764
743 511
919 611
329 290
180 162
749 689
219 961
520 304
416 60
204 689
965 535
67 293
881 655
948 675
421 102
205 681
517 57
363 462
953 394
605 889
216 937
590 495
383 925
905 688
169 825
393 490
532 224
18 711
117 406
814 201
450 704
246 300
642 26
649 243
871 701
286 354
346 494
932 930
931 638
576 709
419 893
683 588
192 683
249 561
803 864
700 753
231 225
407 509
118 254
315 771
931 444
406 147
527 538
810 630
284 551
566 627
617 12
379 392
424 30
112 57
562 212
569 818
884 92
234 321
928 835
644 741
397 243
577 507
611 289
582 775
981 321
516 269
573 265
528 785
804 967
316 466
72 780
446 841
808 937
499 578
805 311
667 633
242 46
281 383
850 78
122 646
817 124
414 406
521 880
942 432
394 925
206 487
63 160
70 208
421 533
101 699
436 503
107 35
843 829
726 218
103 232
425 539
119 167
591 800
238 304
832 253
587 278
251 76
744 103
245 34
914 284
328 435
939 618
485 85
573 797
545 549
989 1
783 22
636 844
842 613
861 27
497 658
8 619
753 171
196 837
290 131
307 924
506 743
788 959
328 233
772 212
624 376
417 116
233 575
635 410
173 533
729 331
852 123
131 564
287 793
632 95
647 956
960 393
40 189
710 905
583 962
718 541
217 42
539 794
156 486
322 19
500 784
264 446
534 697
80 109
611 213
81 980
461 722
283 935
620 213
754 649
394 299
433 33
326 924
441 725
471 488
956 358
120 172
324 725
88 714
793 795
879 433
302 405
275 311
735 559
838 586
833 858
241 48
348 957
989 391
568 960
107 336
832 449
863 966
115 825
518 721
329 266
894 437
265 522
258 132
518 101
787 622
649 345
736 445
758 174
313 290
338 866
608 381
882 432
6 792
402 640
659 223
971 689
29 376
360 494
172 434
870 665
796 188
960 503
883 277
468 121
647 60
135 650
114 856
350 876
531 641
65 307
5 302
289 308
731 164
925 332
22 638
737 699
960 69
309 969
137 359
398 241
836 873
413 283
92 37
241 834
732 752
1 682
569 636
900 462
598 255
911 912
493 379
259 815
182 375
593 840
719 836
52 494
833 404
929 370
543 610
345 994
987 513
806 472
706 643
958 954
344 657
972 548
583 664
476 538
535 150
798 339
946 320
636 685
349 991
364 473
672 656
293 278
149 319
980 247
532 713
348 376
131 14
79 767
194 717
70 49
407 367
676 347
243 448
699 826
586 425
558 630
147 623
774 181
843 884
986 851
386 639
571 950
741 836
446 510
899 887
823 810
601 486
563 686
869 125
90 1000
594 539
828 434
258 742
487 803
155 995
912 712
694 724
763 985
437 555
286 404
438 319
369 695
519 291
843 361
422 130
82 107
237 655
954 107
423 114
198 318
867 238
50 46
197 210
683 122
763 390
785 275
799 168
517 538
684 715
998 1000
515 89
857 881
472 652
739 561
358 401
428 865
682 111
492 630
951 91
667 514
332 510
362 691
45 426
541 39
407 433
601 802
416 380
747 856
230 746
2 613
32 236
329 779
854 1000
800 248
846 996
736 470
397 301
111 556
702 750
982 660
135 203
979 741
213 90
569 733
306 341
37 207
533 621
689 789
347 540
897 371
534 316
124 611
263 806
112 55
415 940
453 768
