1000 998
294 216
443 611
111 44
172 544
839 296
625 241
348 234
759 987
894 355
710 490
744 944
949 49
60 568
462 440
527 857
520 499
754 742
609 917
924 692
123 498
500 583
729 553
367 895
238 583
65 673
882 253
332 269
203 87
125 306
7 570
624 549
636 120
169 748
942 982
255 946
650 365
506 775
61 168
830 741
222 62
523 855
8 916
13 366
71 56
125 854
862 694
297 381
124 471
179 645
834 538
182 314
146 4
293 685
331 788
582 352
704 462
388 666
94 448
30 302
329 589
633 842
174 813
899 244
394 384
232 656
209 551
219 964
633 860
891 351
879 529
1 769
621 572
249 843
801 574
881 446
20 364
772 366
451 371
194 827
734 939
520 308
452 970
969 770
338 957
111 411
369 545
885 773
642 28
576 856
612 523
178 181
195 490
167 419
571 759
832 360
645 946
734 120
134 251
348 33
322 307
987 17
596 336
848 337
578 413
838 683
393 758
912 658
628 997
984 10
392 393
891 757
721 470
471 933
501 794
384 407
744 559
90 445
171 519
67 727
318 974
801 304
984 610
43 855
591 451
77 502
810 42
740 66
261 99
730 918
146 858
201 105
430 250
813 755
537 999
273 679
384 305
770 141
62 724
400 148
979 78
710 640
283 463
173 162
838 173
847 950
822 717
418 535
313 261
520 802
458 119
378 709
707 131
447 151
929 193
206 195
601 656
759 388
959 770
258 829
411 113
558 390
285 173
5 756
32 346
933 676
249 689
527 563
676 942
978 309
335 649
566 507
871 639
427 988
452 347
176 323
715 177
110 387
54 635
500 92
998 624
41 296
53 499
293 74
281 781
165 322
212 254
903 274
746 871
422 500
880 960
889 852
44 697
165 340
689 675
323 21
920 581
422 756
747 316
966 303
450 218
740 233
713 810
244 978
63 576
814 314
901 414
577 797
495 403
981 442
183 739
899 323
461 622
822 816
815 181
460 904
341 776
55 846
284 400
422 868
604 172
512 514
456 358
230 298
243 893
127 852
154 568
137 18
496 221
817 698
635 182
109 84
58 209
6 418
780 513
468 373
191 967
719 381
965 206
71 682
808 671
596 146
599 221
686 572
702 153
439 678
847 881
909 752
505 163
727 974
359 807
186 241
372 606
883 502
104 437
317 184
347 869
642 866
930 208
78 564
833 454
879 967
716 609
864 183
654 581
909 608
661 424
808 450
748 262
838 78
393 155
685 552
947 52
736 372
142 859
688 865
188 826
884 342
356 401
820 397
691 120
101 269
969 100
911 690
538 477
761 232
298 203
687 747
288 522
770 809
637 53
682 836
422 858
533 936
477 565
315 248
383 521
245 807
687 325
761 406
915 911
677 986
639 223
797 902
812 371
790 257
677 13
609 940
271 963
840 780
956 681
731 700
829 678
718 190
723 171
96 958
424 903
745 441
823 290
811 922
346 584
507 690
890 299
586 831
108 703
953 830
669 856
309 711
264 807
646 576
826 807
19 225
367 284
59 932
516 344
68 999
622 109
375 494
999 224
816 662
820 872
384 3
829 844
906 333
560 237
599 475
688 202
885 75
64 89
240 952
40 271
412 817
130 174
340 810
327 966
146 954
873 581
52 910
146 963
822 153
853 133
849 510
73 295
140 483
935 571
373 462
344 53
480 56
893 645
758 761
343 254
175 76
515 469
581 994
489 481
618 535
267 51
715 194
115 422
197 748
320 562
334 205
356 341
91 321
729 186
288 260
86 880
246 189
44 407
483 159
72 97
188 290
149 182
302 550
684 853
135 382
112 151
893 653
676 400
261 341
685 687
507 192
485 463
579 907
762 63
624 182
992 588
819 574
14 506
222 197
194 198
936 234
132 232
176 12
767 653
484 481
430 374
363 766
731 375
28 943
27 560
490 736
39 562
627 432
750 493
539 9
633 873
795 511
609 249
789 480
558 312
54 699
738 303
58 660
912 803
164 678
300 858
788 941
810 187
29 889
441 815
445 426
208 631
479 707
783 739
464 575
253 199
435 777
279 81
148 845
853 455
332 535
645 453
143 47
747 595
476 656
866 201
619 952
611 710
227 348
470 337
219 67
248 13
782 59
7 88
45 707
875 850
230 353
619 531
387 983
693 372
111 572
440 224
71 207
355 542
723 798
130 12
5 280
705 319
818 708
160 312
907 195
365 415
482 573
470 37
320 938
471 582
653 995
655 20
71 737
888 849
361 539
795 746
197 11
897 358
537 19
784 510
822 707
690 751
391 351
919 366
491 514
154 600
931 430
146 114
50 143
985 972
793 992
740 837
905 442
670 266
221 528
324 513
409 91
515 993
875 78
928 172
237 195
230 101
425 461
52 337
342 161
865 356
602 997
791 623
220 196
737 382
759 89
279 483
878 355
233 385
102 292
529 50
502 668
79 29
381 359
652 324
506 126
654 85
483 116
637 892
340 349
62 750
190 917
32 907
511 408
272 489
614 446
147 992
463 694
232 663
921 623
914 685
757 743
192 734
15 674
297 509
940 65
851 955
630 93
442 518
981 75
213 695
877 238
277 707
302 889
696 197
459 383
342 696
831 159
841 451
477 750
381 764
491 657
516 487
603 984
223 824
971 896
778 373
975 257
536 665
743 530
421 243
620 44
218 593
934 691
945 569
980 702
428 288
427 623
184 874
977 618
444 712
339 757
536 474
464 928
107 24
936 916
750 643
348 233
500 701
746 36
23 538
101 714
796 861
399 807
634 710
546 475
629 842
495 613
790 411
420 106
555 213
500 134
198 655
236 157
237 198
838 863
460 521
621 423
261 95
396 46
532 445
446 595
444 139
395 247
739 659
357 428
639 38
990 260
935 733
918 706
27 26
32 726
828 18
372 217
796 501
393 616
388 510
402 398
582 389
588 180
759 556
897 342
604 1
223 302
926 433
70 447
25 67
957 664
966 268
59 883
173 301
520 674
966 162
152 45
516 286
281 914
66 989
386 692
236 268
781 962
953 926
254 167
792 980
429 360
436 181
398 118
210 908
76 490
73 20
403 121
843 477
151 413
477 96
680 775
681 235
518 106
242 540
996 837
205 667
818 116
416 603
235 290
464 927
65 763
284 87
967 971
740 392
878 825
325 214
572 945
498 767
266 771
51 456
126 886
379 410
592 703
230 31
71 541
648 702
85 198
204 21
83 524
217 753
749 616
501 410
107 463
308 188
610 133
88 43
472 241
780 721
411 883
740 567
193 688
320 881
544 136
589 416
125 126
92 605
549 117
173 282
368 396
434 579
355 435
276 816
941 835
127 171
453 355
337 69
765 99
687 503
332 558
638 193
166 535
82 285
671 927
936 526
259 94
7 785
221 754
857 655
779 410
735 567
928 25
978 799
635 80
900 448
923 352
222 557
97 54
720 582
138 594
653 478
482 102
922 720
310 935
22 410
837 515
882 795
246 514
24 828
744 122
925 812
524 876
337 403
244 602
481 175
421 181
874 422
275 437
527 450
539 10
851 880
386 533
176 333
817 887
311 777
129 221
709 347
908 254
432 245
424 901
577 499
714 473
24 55
103 348
371 258
135 417
498 338
49 395
867 688
771 86
787 989
449 594
452 270
387 619
705 446
430 28
522 488
342 129
91 477
465 813
466 134
851 171
935 196
446 419
134 722
834 289
107 201
610 651
872 642
681 702
304 279
953 940
467 602
106 898
144 250
888 608
486 899
707 160
891 170
890 622
88 709
639 497
168 738
725 305
430 985
702 654
728 525
615 437
185 111
280 14
782 158
188 405
200 797
438 589
242 385
800 526
649 113
652 177
951 58
590 821
732 601
588 148
98 996
547 770
695 377
514 682
821 222
976 779
663 492
559 521
932 617
632 444
366 288
278 810
508 82
772 215
488 376
805 469
35 195
886 672
330 857
307 626
930 264
786 196
529 291
463 483
536 123
239 775
642 961
437 16
482 999
145 420
57 963
260 416
405 505
331 467
457 30
585 305
951 50
679 499
93 504
625 913
65 594
698 745
615 738
120 768
52 395
31 34
745 592
949 597
561 487
192 891
252 951
379 717
832 373
684 548
62 543
581 259
349 447
787 731
444 23
156 983
237 404
783 986
760 702
205 857
362 813
762 774
445 600
965 893
398 614
202 312
435 663
641 466
323 431
228 60
650 310
354 836
334 440
695 958
196 175
607 596
904 732
809 567
350 295
513 173
289 554
482 48
545 172
860 231
532 454
657 730
118 345
991 717
713 669
462 890
252 263
363 226
336 396
26 216
851 232
43 534
889 981
380 686
975 836
209 185
466 235
211 499
517 306
830 913
623 71
930 1000
328 904
436 855
311 833
817 952
580 896
587 312
533 644
429 843
331 704
287 350
870 777
804 896
948 27
93 503
658 157
783 454
814 937
137 2
961 965
229 930
968 281
256 893
787 647
363 601
367 265
329 370
418 973
502 954
812 83
258 337
274 681
760 598
135 859
255 150
309 296
806 807
955 525
807 293
121 713
119 505
343 128
52 97
690 879
