100
storlek
269901526 606483242
754969694 784493390
917590858 475410702
647487090 389904570
4548374 808330574
431631269 99869243
440144744 542099389
900812639 60184053
665509912 335809700
534102932 460218249
987063919 498499435
6146241 519347878
791269957 344949119
41217493 317376705
686225784 379716396
795251529 583965694
60184053 900812639
499186062 445765548
60589055 835871367
475410702 917590858
621125865 784990952
154137686 632228886
613609205 969300009
784493390 754969694
330198967 332080229
300385353 531777530
321291168 697757681
808330574 4548374
389904570 647487090
591091088 283995788
767052676 685381903
922533008 503463746
366993970 678060712
835871367 60589055
667292597 635304645
445765548 499186062
582026483 493455268
542099389 440144744
170831688 530386010
315559919 864839197
969300009 613609205
460218249 534102932
379716396 686225784
668365592 168644573
99869243 431631269
956988930 796853064
367969405 145043868
493455268 582026483
317376705 41217493
503463746 922533008
833274785 551811176
498499435 987063919
482805515 434528226
707545570 241473696
241624745 558221290
849981955 707883514
335809700 665509912
519347878 6146241
283995788 591091088
332080229 330198967
632228886 154137686
276120289 628215943
434528226 482805515
397259283 996898981
842751382 210341760
744381836 965113645
678060712 366993970
697757681 321291168
373212585 689359351
476313329 578674880
531777530 300385353
551811176 833274785
241473696 707545570
145043868 367969405
938577582 484199194
190384050 80543113
536452630 773831574
689359351 373212585
454553039 705142363
965113645 744381836
530386010 170831688
168644573 668365592
628215943 276120289
685381903 767052676
996898981 397259283
558221290 241624745
635304645 667292597
705142363 454553039
707883514 849981955
796853064 956988930
578674880 476313329
80543113 190384050
210341760 842751382
583965694 795251529
606483242 269901526
864839197 315559919
344949119 791269957
773831574 536452630
784990952 621125865
484199194 938577582
