69
storlek
648201315 410733732
842896713 107589556
63626918 107315549
906465673 284240349
112255090 530747070
413656521 551778476
343814033 667369163
107589556 842896713
262326480 949488283
949488283 262326480
127884888 443378435
673770042 754275173
673687190 64822670
441600554 265300053
17253781 188903312
316669235 50257193
588200293 695365429
713948240 488873531
681509433 705435693
194082320 795609527
188903312 17253781
363027645 290478260
695365429 588200293
645610741 396404733
443378435 127884888
285684035 842158481
396261564 678759218
944569627 203241692
859725080 272478207
769854281 135191499
625241315 61013234
795609527 194082320
308682518 396757145
667369163 343814033
64822670 673687190
530747070 112255090
135191499 769854281
288449038 722780552
722780552 288449038
396757145 308682518
754275173 673770042
705435693 681509433
524268675 40728787
284240349 906465673
290478260 363027645
822389419 748773878
78045899 308271729
748773878 822389419
107315549 63626918
40728787 524268675
481467352 492109911
61013234 625241315
842158481 285684035
990113425 444697321
50257193 316669235
265300053 441600554
410733732 648201315
551778476 413656521
444697321 990113425
492109911 481467352
14411022 455745026
397595140 387126392
488873531 713948240
272478207 859725080
203241692 944569627
308271729 78045899
455745026 14411022
387126392 397595140
678759218 396261564
