14304925315
3065183343999
2265459607798
55351450772
2232924093128
2437762386031
97013997922
1573982059757
1439654227165
355317019271
931872985389
133259612132
3096228564130
127316123960
3278108631790
31588311899
3414450669728
183813427460
15814483331
3130091759002
1568262151688
2360086429795
122963270381
1540454566836
3430262724233
412704359542
1473290282174
3360714306518
2885453264162
437619048118
2409345905826
3139030278912
2187136314644
864810384038
335187313789
4835263587
10493374594
729253077069
806641257532
2561267294250
1695005956143
107952812891
317149149109
2863128026001
903295639531
126765219286
3711082660895
17915606983
1272443495603
469845432138
17832727
1069885815379
2709250988683
198509654
123626826
3918913493981
2096783967506
209376270548
573520183987
1933480799668
4410971652
1173980141634
262397150192
2310582809453
3307360957281
1885896959143
1029736086621
785483066720
334595670471
3414450669728
1156495423375
1641390292892
1104529983600
1170689956215
946566168553
657180190022
2805973516486
2765413968239
630551028585
526694812797
22931570395
537754111908
356841301514
1647883849919
944110285650
2794113135037
545866152
34603236580
2597856368960
128421354234
2095316939815
1307431240009
1675286547266
785930291686
1309164755824
8966697046
689783646890
141634138443
1698302781456
2772155125292
1738789936095
597849002475
193093062889
279079823539
2866557631649
949517037012
1903316944590
2637202653345
2492749648256
2886313863274
1161937157436
54547586362
1245772379243
3219084679061
1905413753055
2514422942277
3782040370380
1791900639117
1285584798081
84551379065
14602720074
44818093946
121532706532
23832525281
3489146859616
11118074724
2136561708235
198509654
315429698772
1960354448220
1293037328189
45761946552
2998314551144
297400072841
661671122670
82540200248
751842284421
1183298266
101342227285
2215621001473
1381321281528
1399243749340
765476421903
777009570718
11065371430
1982444218615
2394428478332
20816148583
3203731492727
2795805713468
71554099768
1928555232797
271338518436
1932072491817
3459172194412
77503971134
1500494054899
2524890671772
3906986414733
3885171485684
218651181467
3026394985922
421917273301
536274944633
17134711438
9445206765
764592646345
1249163412382
2042605945
279348302884
17522402027
43887748516
760180383579
3794740124259
3629370083567
45972619259
114657421571
301859502298
406520636115
1199370060783
2443312422206
3373647413473
15938288532
1091324400474
1512924162343
824888090625
3704314428263
76405124601
2312121131559
2356199197583
1067287301577
1407047375375
1732782645278
772566439187
1883811611714
3328463929276
1073529404100
67249400214
430233982863
2480747847096
3523003401736
2357753799515
255385399050
2648730781219
346237397480
1224983640950
2219378575129
74366200485
1002348015855
3934836600370
980278143497
3304613997546
127132348892
1680530988416
440319983340
4207556270
1874091705952
145134649602
1125795173635
2954681778706
2735177145520
6086647012
1113543454346
26498229111
2506384257425
1270734843356
3568429795286
2085335465
1262201730567
1987450854162
4042661898
68926113286
1802746728098
2210363245473
123681253293
2250277534578
868097634037
3515463156999
670283088388
1453662960994
10779145
3826070455627
227890588028
3316525141413
95281770699
156502068944
495640544169
10289056171
3181197587339
3957791439566
916306258642
314571785745
2472760758631
1685129379172
404576211435
2178924185923
45551609300
750094431677
1582896188853
2112945059570
604474540568
630551028585
53407707201
43681990567
856388903097
94029502470
111883905325
2567756532093
1658948282681
2962516815393
750094431677
1702263324661
273731195439
1083452467237
2004657914409
1662863163457
778343817890
315716037318
3000065405058
1815521574
2940551362
3826070455627
1536683673495
1482543902698
169283441880
913404125523
434926054397
3062530864795
318298348963
3395878181607
538864389120
1024691852
571608241502
3658082316801
992789851230
650275076970
202397926240
785483066720
2900095100678
232839060315
719810377944
3846690204875
1250859709313
35426303845
386676741062
3548521414266
2273074806177
3278108631790
536644648291
2586445740084
2906134904003
1341180098348
