679743563051
3648408002652
3052197707218
28781227356
244835271567
65228828121
16845991408
4006444994
2554526641805
280848441613
2342254832749
890435282116
57679564974
385676297787
139582772568
2792562301327
1423833320975
1031964592843
597141744147
1423253121387
3851069613398
1048220742415
529756962
415366002247
2003521505622
824140237234
1640221265128
3659537146211
1003192410219
283203334033
1993219481260
7602339289
3745364033842
2763371222593
62008666335
2237675991616
3839678378561
334367215322
945576848798
645497978864
2467398665894
1714865518802
2991446895081
3211286943251
2501907511483
563867869624
53838560014
2431626721616
1839329557464
931076852889
1326892193839
2578698359481
369016208937
416319641202
1423253121387
2436934311418
725236844920
2632941545485
1879958405314
178994605330
757979681692
712388841645
216346336911
3434125978780
3332453850956
2455187186917
3955259190306
3338658025193
1800448024457
1536375536798
2950451689381
790931164889
1923030046105
1034911227521
100233910439
65103412772
292443879827
27619471937
343794581
664112557452
10787208634
787040291794
815783202781
746585165199
2700582167351
5645403247
2418002296266
3004053242942
1770004265
1128048013304
296982119456
2955453968581
3609615122661
106043008430
884512838686
44486760342
3622520027662
588074578133
67374717847
4136305198263
354844860687
3193028130143
97779432062
4134339290810
191307404050
2545203582885
3799927526974
1514730705319
18282362649
2168878449345
584688447802
115902520991
14469210663
651015578961
2519643380763
1274721060115
718925
1726412021259
431742996493
581686460933
1572203929159
1405327939543
32483055267
3747239263759
608574832813
1588139705106
316908290163
1380665873619
3141120778049
1340381103995
4045280213289
2341502122
1974056171243
1729425492
429148331209
3075138150118
276946962715
871789614
2620312397963
2024911417782
183753426682
3131646129743
1624013517449
1539394939933
438918380796
1499186932402
2260334077309
528412335738
5095229903
1530343732521
2708592840929
232146779597
1347145741913
3604091304610
1474819035631
1843968042490
2688581430395
15360468629
344976254209
328125982732
1366408459978
2243515365949
91770242685
3658609027676
96868606202
130404861490
20061624335
1865256750577
188985451424
3529923375492
140679155654
777583558710
3352857867219
2986411976416
2056173894669
92665026139
1122904620559
2239865074102
1221594282702
733383456
207361689892
1807011806494
1168051986661
1648984226377
2475046568804
2211481562334
318300961021
1481336413853
59346279459
249212269478
6874562296
4230250999188
1620905010572
6586136953
350764415847
7428151937
2913066168961
858771941434
3258460768189
2073667762794
167265095336
1705276632069
3602250696885
528055172604
1677961033070
3885324728174
3502678948183
581311909047
2930477727667
65731294905
3819774167294
2190491068175
2848014830117
349602333292
2622678263717
1071635901930
4256172762303
220702551888
4153041826897
230495497662
1931838808513
4120586554871
2983895857971
4110772911530
2049899687227
9745396684
2145933186402
1551501410214
118260889665
1347145741913
33552754744
622824534287
593734747289
2295591396485
2461289889737
1975422938906
1532151481659
142879515585
839611487123
2067809183
36490867584
3970683033638
92665026139
115399418501
2154522747799
1870597722834
298861862772
13381637317
2865232329250
43229121185
2230386263755
154091798948
513859184462
3055589798954
1925060797664
29201420363
3859618220726
2011785670710
1475410450176
26806553895
1150817460420
644318625465
3798983952457
4064774842354
48133829706
2240595018443
1749709655
2257406132226
239054093080
565340319396
1145102643374
2987251006907
2405927421292
23688146585
754597539621
2189047723735
435650177800
4125496661364
23538786107
1666594369540
1405327939543
3488194525396
1894706444712
875434033945
2640853953755
4192551686599
278243475405
1137333081994
3574701735423
5988583534
1383173664
599040950130
782734541563
364553652172
1588754615938
2357163566063
89703255395
78213179695
594490556061
138490747538
46511168734
3883417920565
11676615638
11251871978
26806553895
287676291195
377139849839
4009352968902
2926327577733
907406788236
656954197707
79727324912
687819308706
6627092837
687819308706
3732245306892
1227494187868
1305110506846
412194274257
1323529156984
3170489354955
30390896039
1217310298257
834735326951
754597539621
2942953897685
2798251558677
179406217938
3539036484271
4209396277951
3431433808794
2295591396485
3483672104159
338938071311
2510380675219
9261658008
257106642465
317186509763
11096127897
49342511788
93711464281
107645228123
58510739066
3644702561999
587321290903
407453984006
2913066168961
2684586442149
2813716292913
3939873264476
3629906864475
1607263881122
1034911227521
843611341103
47915920831
113726687459
3177413486318
1692543407273
759673964435
113061313892
1431971416576
1068627797713
3287420927732
3371541488870
760097921547
33016525214
3625289446791
1385240853600
91621188898
92963550606
493922120367
1409941587397
3912068367868
505775177402
646677868904
3025125276104
4102006760
787903461737
2324420774357
34580258
1120851454590
930610699862
1359023003402
695960976503
944940207
177967757433
442855514654
849842852232
2785254241899
3234831900191
354068813
275136119982
254374035533
2606925557071
458754899950
264386445837
1143027418161
2685385298434
3743489005605
1855261916883
2337791382412
3367087870052
58153955017
2878392743277
78350457239
45334075796
468174140042
1478370814280
93861120870
1775585660353
695960976503
769883012756
1285181848347
2029760547415
142512236700
499483743421
4094112029277
2128088612897
2715810748570
52359470491
499135371777
28949089689
17620738619
40074814230
3034419823138
27866206229
358950368674
3222615751877
231202751195
3966824935008
128814942191
3098177997083
878608239658
32217314397
1579548382743
2525829509390
2256674350492
1883305424027
2132362763504
281371021811
408084611096
