398525513566
559712521595
18743259658
694896583645
174220649584
239053945959
415489304877
775629170
329173434958
2581807302
271757078
601157465896
516402981730
443773280949
164079602590
494702575370
74244128726
745584882651
3010317290
838276184257
57616757984
301482127700
85360873146
8559100717
700699760236
443773280949
437920461744
110867469918
260091724572
15728456673
185901618656
619684584046
833666433314
109867333000
43146498799
189728878491
310202251356
890804249169
83054136768
853136638671
475561518948
846615754062
99475984732
608840327785
875651078722
402271624185
585150582448
497479048692
46733363919
786606614006
500959765025
836431167391
296659534477
829064206704
490513682
46305011498
595797140342
570868649157
37503671892
246316727775
561195718559
92274327824
106246304404
781291631265
299329773531
73712362725
436622915151
879428908247
81629407959
454905801881
911891093249
819890711151
280881769300
401645923019
330308181639
784832423893
371074788816
287141659990
235687542630
348118387508
83627013852
272685139627
667114807319
9983439482
257839971
79123456320
609613096714
55499827094
185901618656
87121204724
23689086760
90127305180
535604115618
161273800510
196224358194
8559100717
351019979713
140427190797
375285232031
330308181639
55367218
177103746068
663888281536
305821548873
2656673
71863669069
148746630576
23078338476
73712362725
500959765025
22623784257
78848008236
73712362725
669541498751
153770722738
798187286140
119662193421
184631733096
312960227299
8758725091
775111538913
883211297383
19294697875
294534963200
17794745777
93820679066
897476826660
21286135879
180013812151
405408017901
138199106412
244859958529
198854042167
177516908153
684202302101
179179594832
87121204724
44190493013
70292123278
1123655018
33823423683
53425147827
175453295547
807177446033
9879699806
8459406865
219618748325
11476880871
565652308275
673599663955
789273849033
2026825570
962177889
298794469745
209531094437
739582153097
42938919450
873766199402
4589262093
396660168363
143422509632
519932013303
766350739102
828145190873
1791070818
956810702659
151829706686
235207222657
20563545374
30503322618
877538519474
612706741075
515698035994
275745311601
381330237292
47942627
31714926362
289245291129
191447000096
539208662136
269135038020
421198622411
545018892078
731897890146
57854781710
43562628176
18880492343
1191114358
907072030947
238572195226
71339068391
479622955113
220548782269
290299603217
57616757984
573860502449
303646444622
380118125188
222882177302
65685502470
713254201159
210888236714
970723319523
430807153852
547938698076
74777978415
20136441255
471378235
239053945959
123093196310
202384409562
62443693855
633729630311
539208662136
593505526305
314622690991
134515682961
741294751952
166901915831
762865691112
329740766556
672787476731
258099522205
396040505037
563421594076
341753533441
723400048734
4118653073
33823423683
230396776
529876372952
203271122229
312406973741
56905897220
63681370800
81346694854
36554344221
599624815379
72653526412
378304004138
659123765
11043535538
175041459328
920602216399
201941251067
242435654917
143799111149
251196130549
742152098018
687486043753
902267624021
440518230704
892706953348
89213709995
115570859503
697378614226
35080489836
491934534304
904188174810
24152255687
624350021296
38279282253
101388419731
305275953013
224757412240
163677691068
315732411745
247290029665
235207222657
268629050287
7962448838
578367114975
47164549837
843829335081
944981304371
852204021975
435974727649
741294751952
15006104
6017947122
462165108276
157692556371
130514223948
920602216399
967735463518
267618667453
533450670826
560454084742
36554344221
184208866620
7125186173
86826519236
4054230838
8959083235
396660168363
589697042385
632163994417
43771315453
906110323757
595032432910
510768975532
474885591008
830903544022
680110726653
956810702659
599624815379
134150395683
203715526023
868124063180
20850682002
418020947721
103967532969
749025248891
275234081229
79951344709
887003411191
655872149779
510768975532
876594572954
107883561512
218691062182
839200306517
267618667453
750748831634
793724832136
143046855149
755929245499
279334076311
59770550863
894612359551
333152418561
411068452018
691598804150
3119262392
737016246177
159280154896
172995544858
703200073031
352182535542
28985997398
45032930914
788384520656
4589262093
135983209856
922543147760
374078889450
445078919270
235687542630
10088013439
96988626
100430445876
105267557920
460181191774
352182535542
105593231962
145690510749
1337594427
189728878491
577614637364
317398826970
3010317290
38279282253
15006104
457541158454
131601028796
836431167391
174630043620
239053945959
399771478262
68226292134
2529167276
252175602578
194044933758
146832462420
34180767691
76933917627
791052986107
724247201493
438569758703
109203563793
4183277149
290299603217
366297778863
217303145812
63184875966
628253451137
799979919150
636863522860
912857131042
421198622411
2321775504
577614637364
201498763679
2221035923
14980026426
591218070272
246802971770
413593125833
907072030947
44610979787
289245291129
2794064460
55499827094
34001776132
487797093035
52968501315
172180544035
765478750913
348118387508
71339068391
230910720304
246316727775
2794064460
30674487730
141172461655
305275953013
233291797717
143046855149
1415584552
666307126272
586661793035
557497149445
564908639185
909961257852
247290029665
15228848419
73182189782
583641178809
438569758703
792833593661
1337594427
730195126979
674411899607
436622915151
421835919509
335434695809
38868600513
753335723077
791942803919
171773252275
407921218353
524183550311
38084206685
248264554614
132691955643
417387737469
190157734750
40475983139
749025248891
9983439482
18063354024
970723319523
512880265804
300189765
293473770101
230396776
312960227299
280881769300
581379407206
830903544022
75851558979
85360873146
354511914018
171773252275
237128893350
844757091693
866245257372
531303535211
483019885998
509686591
168522186751
962177889
789273849033
113211605330
164481597940
181267955848
101388419731
537763429825
439868643256
684202302101
897476826660
550137212673
47816793572
43354229878
810793258123
26367711975
113211605330
3341061444
875651078722
194479917810
38671344416
353928722465
4449968927
955821005862
158088251123
122061554275
524894146766
432741746525
732749703194
591218070272
11696939084
297192670521
180013812151
679294719168
60253104405
41291308403
420561407854
829064206704
875651078722
245345397594
826308511314
932270546175
611159227514
19017999807
202827670834
898433819159
147213521888
83340427477
921572618227
34180767691
316843217046
303104779479
946944941205
592742204028
1225120495
4314912580
116249276367
375285232031
294004226608
73712362725
178347405048
362665459
5461268051
5854015411
962177889
216841043783
129076228625
25570495551
580626054452
883211297383
22322604111
291355889046
67714803331
483019885998
475561518948
59289321954
300941809834
617356027373
949894355300
55732704773
1090351990
391727446553
243889244036
125184956260
125886978464
108211601271
32588076718
275234081229
332013436159
241951566146
256609159838
16105008780
694070857053
478945090590
200173807177
397281157015
56905897220
5236676536
409179403157
3341061444
49805758434
154160086790
1157373996
108211601271
310752627941
1658815583
396040505037
840125533697
51601830911
906110323757
924485672106
7864200197
67714803331
494702575370
265602560545
492625832023
718322886012
595797140342
341176118073
156901643848
710730482789
83627013852
11150800395
90432985726
166901915831
669541498751
3628948654
101068800100
29654738227
178763346872
14732660148
266105874645
13169783944
365702685627
410438540045
134881899876
259593320379
595032432910
627472161085
223818114209
630599171946
321297527066
3628948654
211341722546
2074624208
125346494
38084206685
217059188
36742711526
849408267694
212706774524
29152889209
410438540045
23996818482
932270546175
20563545374
42524834289
647113259726
1791070818
160076795695
7962448838
570791915
927402247041
404780132033
964749533018
421835919509
51601830911
570868649157
810793258123
871883470275
102995414466
418655306951
833666433314
43146498799
912857131042
619684584046
872824461539
268123663571
285568104702
794616241266
59289321954
312960227299
11586485622
76121288278
188024262259
788384520656
267114144375
958791290396
175453295547
510768975532
365702685627
60979945460
24152255687
529876372952
25888496446
223349816830
386819441610
15353511478
204605334657
880374218079
389270968734
200615305863
519225588796
976715490953
689129859207
932270546175
1454752184
89821744915
900349516321
752473164754
352182535542
803570903352
635295956688
447692526356
1931466724
944981304371
502354647916
895566851340
153381499594
951864205467
15478356376
7486123614
688307785155
16614162500
16872688539
43562628176
68482908328
476237526201
849408267694
229485730646
547207471835
248264554614
14003732655
3512073272
465486208507
245830927364
397581747
181686806263
22774888119
225700195469
276769273427
249240901802
447692526356
761997317404
716632086641
39265733921
226171997707
28653301831
34180767691
480980064421
619684584046
248752557994
562679517228
412329793305
570122022528
220083521990
947927618919
180431155985
6349780359
85070410015
124134993985
682564820334
85360873146
237609722513
172180544035
12253164330
121718592601
182944491679
8559100717
206837327466
838276184257
560454084742
20278735215
360957882353
92582675121
275745311601
206837327466
76933917627
476237526201
203715526023
2901841898
521347052428
640791619373
175041459328
175041459328
351019979713
21873881897
325222015256
269641026610
697378614226
37695007650
832799
731897890146
