234813610648
265081962116
642497097227
1145050646361
2440940629982
1230908890948
1084206583165
1382332776757
1113712398836
1040992746718
462928707499
221602060980
1762424143050
9082863733
361020767513
2476759923108
398567699056
2252942038736
598929359867
19097571114
536296587049
935880618480
1431081857868
236028628344
1517047218671
7092567197
18692239
1958407630676
970465000568
427667550529
2810343978
1576888103134
2419147947315
193291674171
1592039270862
621510559988
520412493238
1972632649600
1057658870639
297263566229
1983344269128
100804586903
207622304275
1232317277385
591669239812
424018654312
600387212254
1557055111480
2213997596399
284054861164
278418684995
2086511558600
1234430835086
2268245366983
353181500670
2341632772634
1247134070649
442853803015
1667224129233
745428009700
277102684073
2109478623637
1703310712957
33926586030
444925782692
1834558590034
850768178528
50707486154
1199489519732
1477589118658
742207240354
1192596024058
422807908288
1712395898154
13459309421
1824288274112
1127642628841
1289080955828
66739322369
583031981694
1524065863665
1166660002835
1199489519732
840467816340
1341891717906
2233889430299
1241483626608
161663326714
1908191198224
1921340787562
596988264833
273828747467
481673430380
1300576353805
9907797680
2422115162497
53564332659
169126372842
507010445036
521314433855
285729217465
864593626921
35202264585
5714599277
1002538912519
777000451487
1677040869834
1516268451887
317061254697
1412970952582
1991392646940
1077593497
854215252968
2231989460082
1732307204141
158116077431
364026948345
234510100764
1271241856218
345427513371
216305674427
407216327229
245838960497
29495625310
59870965533
111589145929
3062938403
558014909403
738457946230
1586448468656
1431838842421
1118341584848
1875098236248
748116815606
646523923253
112439296337
483394730233
110531553701
982128114552
1349931715760
505680703460
1021956773646
15901424720
522217230878
82202399797
540875418398
893152960787
1439416199014
2356254843791
211363332611
1435625643192
194122683769
2197965326879
12047023195
1916953618540
1473116293
1061524467160
2204562704532
110109728929
272524042623
65272997587
1759904661255
253952068695
367185836
525380710696
1324417712972
334156716634
1325869984948
45743547689
2223453069755
7246771535
2327713950
1653360392263
1895096481787
940097523299
904344015330
1111733202783
17705044252
190808154370
186977362968
201938398569
873866885304
1050589397835
528098623127
668867432748
1614512599957
234206823158
662733133625
262193615513
1286932336618
5998662263
148222054458
1306337736559
116510533329
406031023502
843896277670
143637181047
1390510987292
201656311911
1168016924690
620519345968
367042359674
107381303653
1063458854434
251442268972
663243250922
635469776249
2366021561602
296235905800
1677040869834
325554197622
207336365454
2082848677301
383808038613
1183689011187
168086631525
23026772890
357279120191
12712918017
133298935308
86220313002
38066435622
45876968896
552424826490
3137321826
4545872535
2399401898666
2305759336229
120885881865
9610373914
1365344893161
2168858506894
294526915197
175151373921
958264072154
2431025735198
1274088301939
371202786289
129402948424
30794018005
5620896674
509673540397
2166049912321
10271781558
969240236340
668355211500
330200771493
19687260425
1868161136794
244910866044
26256126
1266266328059
110953684418
2206448852354
469282572491
