719733911092
450020239697
901173105765
572663321529
34225012652
1302297135871
347599633084
2007632034200
98914089344
819964041995
1794202852492
599588617
476657616222
348758555868
1996611135661
13247220049
56162739452
903076622
266910606224
1145992068049
495779939562
545332290833
1698962670808
2216191088034
99122643816
1240205289403
8805389274
282696273078
5031105168
71036158471
431859221811
97045065690
102497491601
1580286933419
1919639304448
1197209125909
261165966192
72268797996
2102643654711
2173870585366
405446878106
133501183251
282348517014
494860393113
10907309457
63590242625
619348091994
420444337330
146609698769
1538199298795
1804655722889
2059518934220
1582730643642
2373166176910
50778584732
2160485890448
578099243284
61646959017
1433423471623
863850701
141593284134
2088527241375
424647168692
331960685613
1137000980647
288981012618
876774024114
2295017054415
2355238444446
949006482058
1620438500990
562835708818
477558349934
317034793627
166251977326
266910606224
1928613775574
385832817530
1852890328574
408764684534
1534179509718
804705477291
2354244209933
459711559003
1595800691878
895652310125
85451294238
92972940823
2060451176261
105272384361
537155074464
1644413588202
763368066904
54646414799
1216470137590
446956166955
1878183604
729135810487
946494262481
46536652977
1920536033822
841324470567
824100311572
212722600105
297101396386
844273636
62938337025
1635292835688
279574563665
1473897798631
93376216536
1067716895322
52549326152
687030308809
2139533676659
1069053914039
148130196995
40576185843
316666966744
2041848533750
162747068950
205716591349
191764589596
1502283159268
2179621879342
1287566491603
2076335524731
48617327721
1082466836758
529978873359
1372423958527
850282416932
171434058711
1574590637061
184003158126
109373292563
665622934760
752641237363
2340354550041
676283241093
1750113653588
264539836586
604612393642
254491431334
962270795636
107855319178
438723489810
1284627619472
901787164652
1464503927198
1824753486123
1745824639772
1298610565799
199711578576
883446286761
19000300069
124700671364
185143642874
5672161937
1022097010016
724702388578
373418118535
149407799598
782716599672
1152933028474
1251791595249
988453304398
1770783562387
1385290932439
2376159858255
2205574543865
246279720970
117360461020
198820683885
77321989513
1599895017812
669873060869
2257887895282
50049417325
132774912939
333852593163
2221022099813
370243483837
376606711288
102073071939
1844070701103
3163514735
605624092577
204810149753
32445010361
962270795636
2260811967128
1907109140317
761106060896
20123290966
649277453321
132532928252
1954756394300
72268797996
142590328276
602591490048
1505453959796
124468506698
6672953614
2024240296344
281653869612
10768485171
1830887931587
853876675334
108504474324
588040823649
111565895640
1661070921216
501777505922
1470764134138
72445870886
3054022905
1518175987712
1149459492145
131087980713
2124359702573
116232320061
671472248468
7787495213
67243633389
173357481453
110247712560
554053896390
13637443336
75133805863
651898672268
224461151731
20028508355
112419946
2499168096
538197171
457060119096
1807273320762
1155019231840
2057655167934
682183597256
28957567778
1858193692098
112419946
249224088269
730802932806
1159895034175
1721045453774
53744581909
123541638045
2345309159334
418351531975
733587770942
934615485743
813488367146
2110189178280
1230832923842
922796173087
588539746831
2875373345
210885850395
22853743479
1775110861452
167880990161
142590328276
32796115799
226655918052
2032571976327
451336505390
1031266497900
44245742068
1061710377708
386235712599
2020541013747
1476250527204
2351263307286
424647168692
1310422019978
1300822410934
1704893843986
4889653428
1231552483474
531888625195
1466849663257
2042777183503
392584618
105103544
275780875944
39048640533
135199372230
2088527241375
14354501068
1811637716774
896264858534
684336198064
1379985320782
2243294212393
110686010476
695676739976
40832917657
1551093882054
221349969816
1677005669132
1009738409137
594542579280
1986551359890
122848739603
391089234530
714231384846
484347966224
451775515384
967351357170
907938809333
1660235055478
6672953614
313360404922
180599635551
585549846799
41669135
587043943822
2037207642796
2252043103725
1244545192513
178068392112
79357185197
1777710596482
995525481272
7131573050
149407799598
108504474324
671472248468
1089203885878
424647168692
81419713397
1685432745096
1775977231161
2170042946555
25091553159
1782913884959
411674781976
89972696309
1581101436040
53145936697
1651064705137
93376216536
65734308423
369057752158
21765334195
270310151582
961004134707
1325981778479
107639172858
1771648544753
46536652977
2910585050
119861736513
973087376938
1608919847100
76954909136
288630314359
485711315700
2225855756316
743649508432
2214259652213
3654708685
237833097096
2146188950774
13247220049
1921432944894
43578917098
114221980975
63590242625
2194020079592
1098677037236
101014364441
3018088821
391089234530
351856779194
1666930312947
197044240821
1034554763771
57236334827
1423421304752
1538199298795
7286314
513412281729
2356232739834
106561202126
15839519746
163821249011
1015582697885
41349280070
17479043161
210885850395
1789857394127
1459041412560
533800822088
126100884464
1810764658679
1905322482949
168970401223
2216191088034
1418820544595
18007647309
620369199025
641983401403
1161988346473
354573022057
118493523800
717531038612
2159530885409
1020791879122
59894039868
1766461054347
1564039046231
1671124436859
1834398173691
