837259047831
111168775124
110561763951
339086664795
40434395365
319476179194
32765576026
116694034305
276992005555
1152898948142
482873631328
143073211218
4535415778
362214031431
2600637726
948399077870
15082182102
109955037917
1030449923811
379156017678
969903141217
80465812324
798542478909
26087866213
65130044729
564961834931
22247697593
440320339770
1049157176783
44848368897
9800825502
60288275429
193828930630
395206518708
871759810045
143073211218
618968993661
172757945310
252298306258
422197833904
14199757506
836250873
951069873425
37314331419
182808168
84139812288
67974816680
1075623720006
246420057034
386584039470
125206237949
575328418543
796922985593
879420444529
487376123294
808311325373
367828845069
8657746631
429402529836
200616097059
168296741995
289596492659
277470085998
379156017678
36773551758
1012827715667
