11068986327
41915685415
647332332
209229605012
296228391988
159119099490
290488596043
159119099490
79729765890
204479938596
248069969145
30266305309
66323057786
253438028593
38841226634
5136981
24596105662
50070815089
31682294
54861946196
94127589508
19943711370
4057185516
1920788375
90458057
208433913317
195253994795
113498740049
87557848683
243635275415
44403357443
129822706459
12980240736
242753076353
26775332184
67209814040
108467904009
52444480746
695964808
745322257
7118893588
145282643135
222258635011
58143516300
2496293381
104094685356
8734467623
56899933204
12389401448
175208908221
290488596043
131040852366
12003815789
45132305308
295269130826
170908459824
3840892400
47371170552
68554047419
48519050820
9688047820
29081148139
75922461348
260693083834
140875042250
8134986018
13578454490
106273271542
99289063348
7118893588
903930541
27337798837
264342270301
15931335165
251641318999
3629452165
161851468777
74980333467
20933692648
118042696740
52845389691
62385723984
55673732772
70354944805
267097238938
110128828154
50460954389
10187721106
68554047419
57727387026
4617949694
157079216032
83110473990
38505434381
119190263876
25679930947
13178878770
190741696909
14826640796
159801371435
41224529949
3042144233
508504475
147199414129
119766555937
55267659045
267097238938
113498740049
58278652
100872546456
91574303399
29081148139
75450705974
42610083494
289536146905
153065425419
315876858571
33339999380
173049525363
256150508265
241875671845
23253924587
229822880332
294310306499
155059572664
151163823
301070274628
310906177356
313883646081
121503676569
1603217504
106820124663
4278239798
118614663124
32097183355
65440726207
151750317153
1091556553
107368478680
1091556553
428721360
126807199802
90060149372
6709392900
84580091861
52045795440
29081148139
110128828154
54861946196
139631817980
221429911770
42262366033
11565200
58977726551
206849198633
253438028593
3629452165
119766555937
135319712420
5436967264
139011053758
307940604421
31482104909
75922461348
74980333467
115763054638
36195600099
5436967264
122088160998
282906153632
145920101421
241875671845
195253994795
166705788561
48135025222
130430799427
176663445150
87059822980
140253163653
695964808
46618797950
55267659045
130430799427
196767949319
5136981
33339999380
4734271463
184034182042
7693973920
3042144233
2584537916
63687546779
192993470416
72638742594
163231296531
54051707598
65001452624
69452661313
72175354874
196767949319
37177898398
128612630436
87059822980
5933084611
35546959777
508504475
109018175742
250745949332
3733230137
35869050552
1026808042
109018175742
109569773569
61094605403
50070815089
92592077275
82140555908
91574303399
42610083494
196010434647
223090298259
30266305309
214041152699
37177898398
12196206770
103013227908
32097183355
52444480746
3840892400
292396336291
19214984579
34279046655
38505434381
258872038694
304004528575
127406993877
143382985201
32407048557
268939477908
81175186812
2949679661
277351801
10019337808
305970463604
230671034384
189993345714
61094605403
168102986594
1603217504
257056354091
2674456855
180335235003
6578101666
508504475
308927355604
311897642931
123848215158
99289063348
228975728425
46618797950
61523351737
265257664436
131040852366
234932715380
28495282469
17548174199
75450705974
49292245235
27911448784
50460954389
18020461718
114629223380
52444480746
1889127
25136578444
46244310526
16848416574
86563064626
3427433356
20189704931
212431512027
73104407872
5557889557
2325805863
299126843510
19214984579
62385723984
182552342731
284788307302
207641192015
3733230137
145920101421
3733230137
221429911770
22214260544
13989399484
236646209657
74317295
127406993877
115195076753
2325805863
291441928630
122674013982
313883646081
175208908221
106820124663
3230433824
8430978562
695964808
170205458858
284788307302
281026942356
143382985201
241875671845
153065425419
103553024800
17081134826
35869050552
845432678
22473285798
115195076753
5933084611
36850243382
198292107826
113498740049
284788307302
149138826438
42610083494
245407329707
92082989462
21185683374
69452661313
61094605403
122674013982
100872546456
42610083494
91574303399
34594789118
81657860330
22473285798
108467904009
228975728425
60245659962
69903174666
8734467623
86563064626
9203893151
467835059
69452661313
22214260544
11068986327
110128828154
187753609239
62385723984
155059572664
132872137506
62385723984
76396097051
116332081420
109569773569
92592077275
5083603362
87059822980
115763054638
7987438879
144648395720
229822880332
231520500446
4057185516
9853144405
15042825872
99812831889
56489344269
61954152423
1682186601
1889127
103013227908
903930541
21956420145
127406993877
8282850512
167404112332
49681087607
8134986018
23789962074
23253924587
55673732772
19214984579
301070274628
213234219675
9363367986
261604163572
8888622488
27337798837
268018249620
101405887588
258872038694
845432678
56080743837
310906177356
41570051803
9853144405
2000853158
3733230137
15042825872
109018175742
28203008937
137163785984
2409870857
79729765890
247180985558
256150508265
38841226634
42962870491
315876858571
20189704931
30872843561
101405887588
11621921844
175208908221
74317295
160484067102
61523351737
86066797488
2857863251
29081148139
14826640796
11621921844
217303765918
73104407872
184034182042
68554047419
257963374004
19456396436
74510204660
1889127
190741696909
21699343126
83597711993
89558641128
3230433824
33965240884
126211254322
229822880332
61094605403
267097238938
15477489218
66765169121
68554047419
25136578444
2409870857
77344428909
82140555908
60245659962
164616671049
195253994795
11812331441
38841226634
288583777409
53648381625
286683489043
11068986327
311897642931
191491873173
11252571199
795245706
12980240736
276347073819
250745949332
19700018820
57727387026
1603217504
6578101666
1374488561
11068986327
2674456855
41224529949
304004528575
186263947486
118614663124
51647442074
3526693647
157756287270
30266305309
155729969212
26226197597
174486419243
19943711370
58977726551
10187721106
5136981
268018249620
8582287268
13578454490
5083603362
32717391602
76870143018
31788001941
70354944805
87059822980
166008674007
272628990707
73572305993
184034182042
27911448784
239250908291
91574303399
213234219675
6060416132
254341833305
271704188227
3230433824
4501911824
279151524459
12003815789
118614663124
28495282469
290488596043
8282850512
67209814040
311897642931
90060149372
19943711370
92592077275
95668284782
11621921844
297191790988
77344428909
3427433356
67209814040
112934292848
32097183355
38841226634
206058092179
228975728425
244520643455
38173148182
153727677319
190741696909
97213671002
134094844350
80692527289
266176655633
267097238938
106273271542
171619223622
149789414256
232370456012
279151524459
312890583814
132261486432
9203893151
58560446126
2949679661
1026808042
141499524480
182552342731
218126954575
45132305308
110415097
259782043520
154392539052
3948620826
119190263876
192993470416
150441248755
122674013982
300097903963
308927355604
93102856360
94127589508
119190263876
63252361104
140253163653
56080743837
84088255981
144014757720
220602824531
91574303399
10885553635
69903174666
1920788375
250745949332
42610083494
9524519143
3629452165
230671034384
149789414256
41570051803
1301588200
239250908291
281026942356
5681071924
1026808042
74317295
267097238938
99289063348
258872038694
2496293381
103553024800
13989399484
104638554595
13377900921
10019337808
47753054677
77344428909
37177898398
218950295615
68105639123
234932715380
12389401448
205268327299
63687546779
290488596043
226442326548
33652063668
219775818200
9688047820
126807199802
7403770820
155059572664
115195076753
17081134826
201362179761
172333425546
89057241126
224758486926
13377900921
73104407872
8734467623
88556884951
140253163653
271704188227
3230433824
1026808042
74040963499
145920101421
24058197063
189245643807
42262366033
48519050820
315876858571
69452661313
14826640796
121503676569
100872546456
57312224733
303023569069
40536775485
256150508265
3042144233
70354944805
82623513232
23789962074
4850595185
42610083494
107368478680
281026942356
90060149372
2409870857
508504475
56489344269
255245804661
11812331441
4501911824
16158819045
104638554595
467835059
38841226634
145282643135
185519854397
42962870491
14196890460
12585431389
19432956
2000853158
15042825872
265257664436
745322257
144014757720
49681087607
106273271542
1091556553
280088616256
105727345111
6709392900
122088160998
127406993877
106820124663
172333425546
167404112332
294310306499
195253994795
144648395720
3840892400
260693083834
109569773569
295269130826
16848416574
28495282469
2081264154
159801371435
245407329707
293352973000
10359056045
10705077906
8734467623
21185683374
153727677319
185519854397
295269130826
173767524506
300097903963
289536146905
1301588200
114063828724
109018175742
238379825971
64562606218
226442326548
29966392539
168102986594
50070815089
20684723362
17548174199
232370456012
206849198633
19456396436
43317162726
139631817980
97730325375
2496293381
39855582036
80210531081
180335235003
290488596043
16386659174
93614593065
6979405858
147199414129
281966390178
206058092179
30872843561
168102986594
2857863251
55267659045
243635275415
28495282469
16848416574
222258635011
240998696686
277281403484
31177021956
5436967264
100341574453
75922461348
97730325375
9688047820
107917676437
5557889557
5681071924
142754018070
156403486351
98248569656
119190263876
106273271542
194498981249
90562413093
2409870857
165311565196
116332081420
1841074609
151750317153
227285156067
60245659962
18732229449
107368478680
303023569069
232370456012
12196206770
47753054677
192993470416
90562413093
37509110236
163921920876
92592077275
89558641128
240124093700
1920788375
30266305309
3042144233
75450705974
36195600099
245407329707
110688161156
38505434381
193745937035
120345161872
80692527289
131651074663
64124153988
211628807608
903930541
2584537916
159801371435
147199414129
25952660643
78772050427
24058197063
218950295615
130430799427
238379825971
5318170136
81657860330
15704338163
20933692648
91067300704
8282850512
1603217504
232370456012
101405887588
206849198633
1091556553
101405887588
77819309345
11252571199
8134986018
170205458858
177394549859
254341833305
1374488561
4617949694
91067300704
3840892400
1091556553
14826640796
270782357034
227285156067
18020461718
8282850512
22993409319
159119099490
126807199802
170205458858
94640719211
27624107552
68105639123
147842474016
16386659174
118042696740
97730325375
165311565196
50853504697
35546959777
51250111244
220602824531
2949679661
152407051511
165311565196
46994048313
6187895631
125616873042
44040377494
12782744689
146559391178
153727677319
67209814040
