132997809258
2181362113
16098143191
92588670559
730214675
61339451327
14263733161
50381995
66617419445
84081079019
27498216761
45938006166
134742687476
6044095669
129535584943
149072895946
4489875047
41175181337
10008854524
29469920142
90420027608
794645936
68418525931
126964495801
104512542675
54684309138
22189143036
39784432274
440536137
132129684412
28377004
132997809258
17044019542
38867789517
49948324799
181273531
41175181337
84776102711
126954760
127815868184
56301893916
7473803534
351738902
90420027608
62489396265
73360900681
72725839923
16411153193
15162537204
38867789517
794645936
132129684412
125277262085
36621895485
11518332119
167904467210
19341799758
1544577345
96997420596
152917380
104512542675
1246786589
43530635469
3724732221
8599522669
164999480694
2524826029
11255248058
70235991151
118721595502
47923442046
87577912130
4648528814
23310268490
143628701313
15785257339
243552100
38411330626
102229519465
13974723612
928215115
132129684412
43530635469
69024237483
66019863430
3579390905
129535584943
102988557959
13695228458
110721052545
3437722223
62489396265
88284174623
