131245944352
2739695571540
508409661343
1142655399515
784253706450
722228920825
662875200562
2455347243277
302325134171
3912537898287
1999500190456
240008650
290259723364
2046436797007
4354047309597
2467298303712
2088744884926
2297017455645
427215429373
2179983592625
1105703144436
523297909202
4319584196833
156959673913
1585628488
937240033654
4886044987
1664323309878
607968863124
3534342904615
3809626265960
3351101283098
2859884362228
1550102463600
4240481287
3152137350026
66562861928
3684983610864
2190076949
20365903234
3525070109689
2463781839282
1797872511534
3232286244510
4497686551
3554616465868
55874635159
1696775601011
37130036275
271917793297
4114480793889
3059007247328
990879704113
162678416466
693355761195
3039676623
10674857614
681752223209
39191398900
1278584765634
80789233809
2558961085543
4254657332225
987318123997
222912872529
1263983363886
1253469905615
12037497480
3074697956769
3831479177438
11987358950
1086054900422
65274515602
1442658466954
4661534964354
2721144244933
3432139642615
241134510186
1061501030451
3026161261823
675424705059
34347367548
1554547694877
111395613719
1907904201590
1810486198165
4817295243125
66917405518
823585349224
122358819462
1491813858323
4941684107813
306007120512
4925809664908
17172149
2953274237305
1367511822877
1435694509973
963448910842
4294495437917
3791321654390
313204177491
4915898914224
3096727388117
2396601195440
3830603820122
73457082835
2233077850214
362521845684
4051131561801
632459197845
2932487997729
496608950162
612902054902
1821311266
3137048067108
1839464639895
109755586346
150469356607
37573693588
1366989202062
4978460133052
821536737646
1368557131647
4936721379632
1297343133120
866980145683
142794248753
1481005060
2681262302234
1922107690400
124236141209
2666558291025
722996833080
222062733354
3221802845495
2679790053127
242458559908
2674640222993
306500377833
88950491271
347442316810
3965014147248
3014465349852
2652625634373
3265423153276
966970047753
177692527809
1380078055057
2438504602391
8489956615
3738404505646
3986454536199
3682406475089
392329845108
1288704496550
832207595333
2112012178911
4770302413400
144311819599
113795769366
1731304072825
4886044987
695613437582
2334493870126
2439906533464
1818311401534
4644817827
1734248957210
65975886105
3898368710102
1256968440292
2128239656799
1357597549738
1314187175820
3587663187720
545010137
3538149622
357881394
2216408215393
1650531545542
2950190463784
520043156548
1888844619382
1111824013108
3262183590436
116060549390
3702184686252
850362009031
4688613855472
4373649716302
376303579963
974028505518
2614664804808
4100872877792
840858135255
1714870108044
874502865902
3451305270063
4698304031182
3948971585335
1451242563923
1164226269659
4982442259689
150296196999
4799644083140
323000487365
96889525
2236417817426
2460266522292
1187941637746
1077220831134
179400791901
1206008800900
3135462305104
168328784950
4392358728034
369782628593
1567917125480
1011467376946
1552879739985
2066250237878
1190374594160
1576302302987
4493085569946
37573693588
3533499042127
3136054806
3014465349852
1310607257225
2234413628277
3004351837319
1176781724025
510016539865
4913917439868
81693919476
871990889664
22201626663
2184601948917
989502596
3402259255418
174107937609
112743876645
1505460819722
23328243029
3529282371477
15991965322
1656270195256
665079522359
1146954144456
1616303983572
1604418337630
2420306388891
205368149113
101560110468
2390345461098
1297852145130
39191398900
110648637109
4247262500208
2498328000166
32652874140
1812290822262
509694932477
320476954923
3233899642541
345873696758
819082965825
496292530699
179210490524
928579667315
1506008027973
1330641316762
4601814193332
3789580619663
1910370577969
248235999819
754858696804
181882653558
3800031599522
1246486401704
37662822588
3333873757383
3488938970194
3111719927102
3860436854732
4114480793889
1909136830960
160344453457
1195737482741
2582015416789
355338669119
17293689270
4743968702194
1294290691833
2720403272512
19967717181
4954593731091
1251971779188
4793767951659
1490724783847
559059910917
61382521573
45553849692
462757449518
4871413336751
3975727975850
2584906989673
18728938780
1054596890538
4842845612429
377122727815
583253379272
13015534048
1693865601380
438397441272
82083050986
3132291535697
1100540464846
1720727649751
97578140388
724149896155
215940851188
1147432189776
4399849734757
1747236513419
1268505520565
4732286735252
103580782169
807674879049
1296834202234
3121206455695
190456649869
1707271672710
2861402926564
4065574642277
3973941420374
456383996433
1874769684164
528521080983
2590698095799
2974893238837
3766984026671
1011467376946
120341575712
4734232853664
2149113167792
1536255993852
1018667932639
4793767951659
2267961257990
302813916188
699387621466
1400079941296
3649827529015
452762279312
3401431439783
3115670312806
3004351837319
3289784596031
118956815973
3079412160296
826866117681
2125639823306
699009674645
439881286668
1121269200065
3893946998832
355603496388
1583027314930
811743610674
2716700146328
3865717001014
410445843549
1535151234034
3580026131859
1827362096095
3856919176518
306747180579
642521366527
1433554451101
1631089819738
2191208582811
481864397135
1389534441407
2203787736831
3541095797081
485292683936
2829591869329
681379401461
4381129808913
751326217542
108716234827
650839762682
835912068478
1649385040914
1410661539817
62173036929
3754845448422
4775185905712
1626534194987
245784237056
1393221200812
50611629060
795917572852
2856089656831
73953532176
2975666544593
1545665518478
894747587566
1839923646
3269475531886
713430066144
517444554352
1810486198165
3259755520002
65624670009
679888780136
4181033481934
69543318732
682827274
6163450408
42250319435
22201626663
4000781897542
1521921160100
2489848028823
5002370673057
4958568055862
1344605622775
456383996433
4692489209978
3998989298160
177124713790
4422365396056
1885167269446
826455785977
4597972216568
1894367527311
126443069523
99840716642
3878050442347
4858598096778
162858655576
1647092637881
700143800368
10063915558
942888570421
4955587217427
4100872877792
2073951225357
338854902305
2371646332529
372221529827
1701436797596
3820981152518
4673130252526
1751379381042
4300994820657
4518715646781
150296196999
1766216251806
3274343389466
1353952978124
3196875036063
894747587566
1401665520028
1653399439806
2101654700076
2047712741909
1579102386470
2664356474032
1410661539817
3408056361896
3506558834197
323253279271
833441766130
781051760276
5292037732
54389156
536733566616
178261254531
108864587296
3667815535397
2533896686743
558386288427
3558846118558
1849174668199
3011350954302
1501086682136
1179204372364
2898754531335
2648235270811
2169447440939
678399604778
250027134886
3906335245328
382892755535
4943669635386
4999378284852
1036785358914
1185997074383
859487028624
2675375486365
3433804103450
2328336880899
114548584264
1205028237093
3203295649210
2292275469393
2132795450090
1631659915415
160523582701
5852532656
4591256697547
237395681481
4325166501143
364128346397
2082951149883
3844623199761
3976621362031
1289718853380
406163166284
83253270373
703171165662
3721140359360
4182864399935
1211896890505
2031149780429
4223273354756
828097832768
4552049765648
602704018006
3606355395162
1073977575727
56413760153
265005158573
3936415574
509694932477
1428742565182
2329704410945
4970498924196
4622009472767
353750214022
2642386147589
540366243399
1510938391719
897298363326
19835550444
164667302570
4174628176406
3133876726464
155191051367
3958770901179
260660518624
519067934949
4937713712513
836736011350
408160036148
4167313105780
600953845131
2696741678233
947247587964
2872047721717
1383227202019
89180
1359160662229
3996301377849
20033818001
1661444469428
3897484259223
4814350479766
160523582701
112593897949
234989708733
1769785884839
1588078241595
4066478154751
3398120538597
3731493922032
745062655801
334469571559
126443069523
2430097633425
2764264876730
4665398168308
1560669726737
609376836498
275872725385
2195839212049
1768595712630
3813990943179
277509196255
676167982308
2245115279457
1375360477901
3418840333322
1868055631007
2165506111165
4994394433487
1622551966627
1146954144456
3620818214984
1587516893969
4880292313382
125494725363
22903460211
1761462460946
516472094713
433077772193
1007875801294
317711165703
4634529502780
1682830894040
4272241136846
1827966374922
3459654776388
524901227
618208140103
757613932638
467647722707
2282808600148
1160858458110
3498161550065
297462379877
2272932803
204958659575
794302780926
1655121702293
4563505496521
2066891030197
1449632123866
1103353980810
11200795682
1254968948900
751326217542
2471519640989
4611425290497
4574978170826
3441299404541
1061040124500
1555103877164
3536030667900
923834793122
1721900664637
2056652728164
54484184659
150816076311
2113308505780
142794248753
3779145581333
549665465570
901979533395
2307884688780
17597989391
4853672886842
21239621807
1531286285848
1969396959022
2110068386862
2816769958720
1782308617475
1076293475539
294087205730
2379255300318
3253284320416
3221802845495
3293854002691
876180374079
841683309050
157668947825
758007991086
1880881958160
2251148360900
1304477917460
716483786193
674311186619
3500679291262
6446995653
1996355406285
3616168049
921251227255
346396355193
169808537174
802802043988
3610607115511
1814096064407
381514151151
2146496928632
3449636445480
2995809165159
3686702199131
202710270313
4061961308693
17354323400
2566153906285
1899282994318
2922505020625
3465504405046
64344413042
2751596964777
4703151594112
1283638783451
3090425266454
68343438890
4720621092872
18793293522
1954403650563
835500172251
764727178779
1661444469428
270067003752
1531286285848
1177266086561
51335969307
1912839134032
4374584275598
2070098432858
2753085970393
3455479025843
2005172342748
3679830047576
1148388766252
336271892182
197637373147
854919234768
2428697270630
3034748604836
110201762018
465199659000
3934734720719
160702744514
3795675564286
2743412119773
2784456121557
4822204603494
2829591869329
4011545022467
294327607424
12037497480
811743610674
1166635267997
83776275173
1620277910191
3460614568
1782905871090
441964881194
405023097974
1175329477209
1710191651842
29772723041
4394231272320
1606679157099
845812734373
427507419179
29054035532
326294475748
573990289518
124393034292
2534611071043
1445876296756
37041407647
399071862184
507126760585
14466070027
1064730698777
1401665520028
1741326320068
281029236118
11689928817
3574090433619
4634529502780
2377871041388
13385176304
428509316
274008298369
323000487365
1004027878
3235513090167
38199111884
1302947339825
3519175887168
1265489946059
3321599062791
16340003305
466422730831
1047272025935
266152339092
213219255226
1112295511150
627096565187
228478255845
3968584003741
2137357158174
3694595757
1957522253730
2707821714089
2290921722553
228478255845
1538466905144
2938595
201894677471
4934736806554
2233077850214
65157992936
1185025521185
3433804103450
4023222462888
1710776109985
1255968449820
2684943958749
1156053053181
2246454752277
188879993746
14355814107
5005363469230
3943630088214
5013346270233
3396465595213
318213556933
2181962628794
3486360002
3714243873189
1851606104169
2419607649536
1179689074121
4882267262821
3280027159044
181882653558
1253469905615
195226658256
1610072287420
195828439933
607617272302
2241098129921
3825353793983
3937402632386
2536040139216
118956815973
3062142613967
98422185771
127077340297
4175542869598
4670229951152
1280605156111
3000467059620
1005634009735
740774548671
1488003904834
152278698
116363896983
1212879300060
1976282239053
2718921678342
1569592331543
5009354566790
2035602326263
36424520292
987763054404
1791878393504
1325485483414
568878382453
3171262296009
2955587610723
465199659000
1005185788573
391491875965
3733220841878
3850768230215
2427997663352
354279594583
331648085578
323759333953
31817540954
1415967165075
182266783298
4395167595780
636760859987
2229739491867
652654623371
3460614568
236082141204
4016931780686
4291710805873
1213861995960
3076268954981
93140486788
591897040580
2585630121859
3055873221476
37396137708
721461748287
2447622082883
2992705649540
213219255226
4196613471377
22132256129
98281163367
10532789569
639637995753
574673824326
1560669726737
3408885150012
84695893054
3877168719472
342485063735
3009794479853
30013660965
504564273722
2200474104797
1562340793232
71487386455
1933884233903
82862606760
3051173613116
721078297605
1459847280478
3051173613116
2552241240
3326506492537
35726472362
18156189284
7222775479
952927365899
1099135341101
2986503262688
2956358881840
1218779255417
1020471098992
1389008111378
1391640375606
230205581565
2482792401708
54058572436
372221529827
367084313347
4254657332225
177882034705
146691782768
2927878767261
887971749633
3076268954981
547997130528
2560398736864
2221735933848
912228673647
387594028877
1497809778347
362254467168
1561783700141
1614603569757
1569033863514
2889583911889
3814864003616
4209470631909
734181148177
1185997074383
4660569273981
4192943922288
2124990086378
2285511395032
372764366678
98987625124
380412454920
4502568109917
2596878756
262029286291
1821929733487
137285378368
4177372598737
3045694437175
456383996433
175237404748
1963767580195
1980040825019
2340660307705
192038954809
2239760099910
100699210067
523297909202
1633371049194
97718119358
587395960929
2010828964
1107114455228
4842845612429
53108868348
1032693965112
3192865103766
1483112496198
296737397839
542021008999
561422186573
277041142372
2499035759313
699765665627
3185653591985
844986173751
266611423595
885437958359
