3960557599113
1609559270962
2101323752540
1458264787354
2422905872108
837315507148
299847960930
716910946189
199110186796
102554822767
141793017430
547704373586
1541841916732
19252352457
4580213869292
806612930367
1672337978548
897152278632
3424524841577
14525504154
37074315776
795042087415
108632894866
4244429223361
937923431768
10452905870
547048229681
268560543
2693520155987
213580733614
538551138159
104125530490
4480478297314
53339476749
284198062064
1131362378911
918038577588
2035255910569
423687169126
1700374358615
2067496280390
1202356645666
4238906243856
127796812429
336235082196
1792516477584
2613001588607
1533808493
2812713705436
2999321555540
4149272319695
3769155568514
4961897708
3340682747509
1508041989054
2886936428511
1360996408484
1446350513876
170020854732
3409650197110
1428564909632
3057048016470
1036352193340
2320991740520
187985472376
3407718999
1501438273180
78112732120
496065811335
3367696385351
2621007059062
1277700129564
72266642575
4271181505508
613431697922
3922463403059
2789430285143
960645635442
3763956823190
189523370760
468484984615
164220994699
2947514788677
53234713158
4179339095899
48093546058
166567564333
48698051049
4850634852572
2269818026571
4565890726886
1452841986229
371213714567
614826144400
3784778274462
4787917797582
849601946377
367480242057
171668621293
186263503604
1437178834868
16384904848
807814633872
1584528123278
320137848539
4513008888
3345586595751
762022191668
1188654262308
1479505540296
1177940341262
2883129067016
388908003500
4266562780189
1341613858202
1166789242338
3614721213004
262722458349
40714886698
3949904193990
92556453413
772159514403
951438103152
4696562817311
379849159960
491056069662
164942516923
751577203203
4416463788529
92691452699
621832612894
350912327066
881975398426
5293808248
1505288786613
1575484286333
492307128747
3492675033818
4488038271601
2285460122533
2853500705909
994323012450
452095289730
850835439672
2538619830879
388355303454
224768376879
2226593439824
295061073661
1195005830272
4408019752927
35404268574
210324146443
3136001642913
4997344348675
577026712076
461470809476
890395131707
3197438553703
433332528417
4270257664909
4412709419663
1141830220231
3116173564073
1706238163695
33096328258
205081764742
42265145
1530723262124
112941941154
2802187876358
1604424289651
123852083402
2192464000008
793453235547
901820489403
2373397651559
3490171908789
3499354317139
919328287304
3425352332026
2520704684453
2117702607392
4648326644643
3907446158543
1936275327667
3252951953128
1575484286333
877363593339
2657520482296
228133697110
15645144687
2796181591879
768248472339
2079171971005
221006803446
35317515802
251399854659
1466961257659
3029666114278
4316548847511
4149272319695
196344198624
84848326610
1456094032960
8562975696
6278116699
587556732317
2103940186717
4504123985991
2731974111814
1523513386018
2959077445077
918468125507
3890690812958
1071314673617
2630478348326
3817008361776
4162014616965
2291595632711
229190928584
2584710852888
1079210542889
1804579278844
2413802133145
683769876683
382854662441
2654589254379
280703124593
4671457788058
28765300487
3191031293100
2075926068452
557268585650
1411942407423
454202377809
7620047921
4216859068124
9822029195
745051798
438159583
3139181770336
45701082236
2117702607392
982295831937
4024980688
44045096159
3995269384652
871520886863
2452458085432
305168395732
96243096222
4744055267628
3339865964656
3418735677882
1866150085266
4659888118016
3220713883107
523359393759
374701109148
208298521873
781191248609
3380831814982
3833614358719
926657370770
4977397368546
1663045782408
3635980230056
3550500579202
1430178479496
473390638288
2001981963575
940096754373
3885406758906
855778226414
10822261245
512496048098
3098768386524
3389054735385
3995168243
640615076115
2843651531048
3892452756474
1380533368264
377673515987
2425711667330
2171170547188
1028155585507
4555404243861
2626833916869
1603283870577
1604424289651
2397044486848
2764733135507
962844697650
829992104596
3302377043216
769421118995
4427733909804
3108257358229
268120207204
4490875443878
463296600341
1668849943096
3078267435107
7660353495
4523078242693
220798643369
3586774939530
26676092644
1862045499
3602004006288
544427763129
2225921394891
718041240211
2101977639495
564578388529
865703577241
2767721771411
3257800128831
2308669362885
345471801015
1022255171755
616921345017
41654915480
2254232079418
60988367113
616921345017
2329912509131
4519284597648
519195027635
1558040801101
114904200975
641687387072
917609042406
122287922581
71672010683
1329640590322
2324419309061
2463055253036
4162014616965
276322179450
144645577882
2912928330423
1598728094176
4440897238229
4451249035622
2426413526719
2716918330
628528917646
58684359489
758144717340
6912765694
1266033409320
35665902157
1334839107224
4741139010200
3387409521549
3235203400790
299847960930
44432110484
632424604403
105422234540
3881005213599
1004186191020
1029518720083
1803371080459
1894541596631
82910105779
4102123490149
277239980155
2073331119030
572973814080
428517462
1009136083170
3724223130172
418911862
685243133122
452095289730
1749987795730
3064112684387
3412127234150
3538732377247
3595232753905
892505210600
122756641419
3155898426496
1743443973583
2251527381019
2827024365788
2087623986980
1905091093001
3776092954999
2412403705255
741594888154
12456667629
3408825250094
707074214
19191019622
3073578916
40158110100
592001488970
6314612324
707151205445
302259258448
14636106606
1470228858302
711768
33856594798
2040395618522
146680364691
772551071040
3802182705631
812630225814
2650927617535
816652804337
908205453003
59557445996
890816949179
2568101563543
1569847230918
5670473330
308332565006
301775990588
1703927901
726361902700
8107585813
1731583120292
1591903304724
258925136963
731676653960
1190118457279
2522135832595
821086364398
3149261295
1630738099495
1206778614691
953188405374
126212236754
2306617991167
3956116853004
873187111052
2627562687045
1419440225269
830398134356
1162441010743
120576388296
4121127609673
131480149
2651659729040
262722458349
1092729824531
3496013670423
1403926586099
3107466200408
664396262676
22037351259
4888111635803
151139063970
1147083622533
2667786423147
3206256431272
2270497073209
2191797024266
1198923697476
12063160154
2189797004783
1579436212135
1491004276495
162422123158
4315620456858
1292489358365
2392166750513
932281513580
1205795324011
34540291853
212764050742
625705489436
3082204964185
931414861004
2764733135507
2706063197889
1199413640455
3134412618482
1097878434073
4867384033628
2238705072053
748883067861
1138018666686
264066612490
573310942207
3211873241100
1825785495602
563579124645
694487525840
1166035765
1077350668582
1775686138080
119492349559
2813466199630
89335487156
694858469830
1796131186183
1874771504091
48395549420
686718534051
3635980230056
2724557362398
543446030748
1974032904543
1673501354196
1716231115632
1208254694682
65705047346
3393992483432
2129527329218
241584971643
199912294
4481422953431
2059729553325
554952002052
30480165746
13551081482
212560376812
4415525130474
194577457473
27932757654
2633394973016
31770242785
1711524391268
757757456534
135683542645
727499517391
2010919676409
1754156047899
262274926972
1589444695
4331427642665
3189430409699
1792516477584
4132919145827
4176600931606
1323934364200
1623284354703
4555404243861
1561968640466
1482786865165
417904215259
3998837997227
207693107699
1151867215380
704534443053
465430080621
370411873956
4232468942391
30162427869
1083865380950
12557457203
23642463042
2557300213612
63217154155
1996880437856
163500293751
198317741891
3771756398712
3933072026701
184738282593
15645144687
4700429944287
891238969433
2750558456996
192802777
844266825958
1329121229991
3397285953087
1705651273343
3898622949514
1651468873046
536600919363
2404719503330
1555798732006
2831553625864
164942516923
30608741
3051560597121
80117412604
327385190089
807814633872
3896859521784
1825785495602
16442404137
183977779755
827153730821
2839110954346
5917800680
1983344624
403109922854
3143158802232
243097847292
1901986371427
544427763129
4381806596032
2390077896727
1822749735922
3785647305261
29769274294
542791781768
698199431497
487312380450
17200504526
248329513378
195362093936
4491821330661
43948433675
349873639350
1993697437283
3239233178734
1913796651656
1888969439516
1684580217751
1434485277539
4960474161682
70014825291
2310721317313
3203850870025
19313832945
4003300799659
1388488972248
14470517925
3834489643014
487211552
2177814730173
8066562654
20878942387
1790710380749
662945547656
3412127234150
680460616500
572973814080
2197134879278
543118862177
2688364137232
575765294
2248148950199
207083958
1145649985916
42127971780
4606050201042
5953584
272663513910
3616419592873
34540291853
3390700372644
478009748687
557268585650
903095564772
542791781768
3565665053987
1583395923278
312247314280
1568157617914
2050692261207
4345401731184
1737508895375
377402405823
3728533978610
336235082196
2274688189
3457686649579
1111969295996
4624277225921
4916787395602
2221221439084
3503534713732
2680271162084
2444701808621
1592471514481
2915228590267
567255852464
84848326610
2878563715824
37786318034
4248114022456
711648051573
64568890304
163680249777
157609517618
2784185328954
4607008203005
3260225472797
211136047252
2509269343223
1597589703443
865289234170
4075048509847
5001337629299
4600303381259
128115111465
2615911897566
4380871697930
1991789622495
629236322631
3604544495333
80117412604
3471830566681
44238495664
39605491357
3633425966561
2665585454339
2157905209268
264739865245
4700429944287
31851890705
1394866193749
3643651352137
70605585116
69778940690
628882606939
1118578523686
78486339861
3666713553790
2053355
4321194256726
3686404672346
1050552093032
1356269881761
3143158802232
585851890730
1759524326777
648500581701
30800398615
416181999814
516320724894
3103511134859
822701481903
460862556989
824723542015
1266033409320
196147701468
4074148019438
472162250451
606829100088
1473499467036
4819224597966
4788894980853
2135451334178
20625545477
2169842943249
471855352806
887023328816
20310771378
2718629464323
213376229074
760857892143
1668849943096
87344788230
53444313390
1911306848090
1006434757515
1772687569501
172220218635
1607846962563
438655456657
918038577588
1520191228258
1546856872887
3762224962850
1601574711332
33517886939
3540411939007
541484674292
266088829363
1187678607169
4251800327481
690783740181
2420102555404
4029238795126
909912183037
17616518108
58032159378
3139977008757
620778458752
359810237334
677524404444
4725604674414
1791312376269
2524999064504
3316208383348
3901268782658
197724463041
2303200457195
3215086403226
2536466928486
581772460259
3119342300582
510905188405
1305331218838
1930646087178
1147083622533
187219247995
1423596244
293298546
4607008203005
4226955265025
104268978984
3151915337122
5013325806483
55453416688
3346404143208
4648326644643
3832739457758
2539337615893
1034527954701
161525844215
923205871238
1207762472622
3509390856384
2270497073209
4142000661570
1720948108461
609953134088
4962463983865
1367318250105
798623333812
372284457222
1281260736521
2581817211690
2234665151449
2299102895703
1317206420849
4278573655938
635623043677
4801603258591
98465327244
2769964919644
157079542565
925793896547
1650312981583
600255308983
475235164750
4296367305
3206256431272
450593727162
4578302675970
1019083414552
3877024668
1129464443748
2892272184335
2777446732248
365888849490
3688118859793
1945048118588
16156033378
4631967417980
661495570680
1425877387597
40995837756
4961897708
1795528440235
2570985087117
3269931087421
905223485527
192425825460
1425340420482
2830798452267
1719178098541
1363102220089
2896090084351
1810020699619
1069924588449
1080605906610
1288907464974
99864981038
2101977639495
4128381838680
2168515799043
71672010683
1377356152793
1569847230918
1135639202919
3882765682236
818263988531
4159282213442
1913796651656
707074214
890395131707
1671175110634
1443110481616
1908197228606
1956359435039
667302485252
2264388663607
4886136547491
1758927436647
1387100932
2260323231420
297688321813
3537892698382
478627430879
560584792609
1221577120210
66162554965
2615911897566
1938780221057
39245601
2331974576443
3448553107189
793453235547
3168656635402
3400580631228
530353886
4060651737849
2340918923295
4598388493364
34712272505
81888472703
362977346578
1469684075195
56628229857
2671455533003
3806539797492
1026338772003
3591849174732
1204812400918
563579124645
2049403339341
263394225168
308576441730
2300468509808
4349130699418
948815243278
2915995525296
50535232382
951000691647
988968406210
6461331285
458432385756
2555142545979
3675269832939
36015554116
1486070916090
1476227968184
4532571581756
2990785709335
134706637765
423977786233
963724783550
505510649689
704160873889
5013325806483
2079821549126
3542091842238
1478412823102
5093827726
1299157823057
49714899356
3186230143516
3744931130744
67782424643
1438795625349
316677855257
2151947559490
3916278119135
2671443292
183029822063
4218693542270
1987977486307
4463495548031
410185388049
2020511854292
679359047100
101135409830
1319275704949
1938780221057
841400372965
1383713490503
1427489479874
1690424741200
426304688092
157256098810
1344745924062
1050092655842
1363102220089
566920374367
910339025039
3457686649579
2447570919
3845001334281
2648731995753
1594745604631
3010974452138
1559723412738
205883606498
212968006357
3225726369
865703577241
2858051610509
327225683
2513764956
99864981038
