4471167638697
1135224368022
4389212141627
12138118834
1363258819894
94317811915
10521959749
4468331131829
412616685823
1338250315589
4470222078879
55424578122
682550774588
39220107150
24378572742
2810275773761
4054654275125
3741534413559
48138662592
16686778720
584303159921
4275526491034
76428964353
417804737581
1830426568536
1766082583428
3147004195707
29528157345
4136087602836
26973904966
2236863030692
1346039978668
28690402223
2813267190053
4257969559319
3960808960524
3698431261861
4260739327258
1097236020132
3230738926426
2515188628773
174191032932
236040350434
190992082568
1688892060090
3440300161497
1253682940441
1304301532233
4007141462938
4410812719507
331055104726
1436882784977
1532672451744
1172326417785
1365874125772
819172098625
3446934319397
2881783542468
53246894219
1573853344717
144489312150
2197234547245
573136981053
3119327018808
4680755714329
2413040266556
720700495382
3026927757830
1649153411835
2369679468641
3126432747292
60992811600
232584376041
1951237140845
442485001010
1001399773214
407744324092
3657326361514
4588210721239
687351916143
2095110713575
1191310997665
1756053873366
777266333574
459902932809
916062729126
1085956857039
391060472316
4152482185594
1195717841660
1061722562346
1433663221771
3732188960
3697571698059
141140601055
2379280387470
1175237359725
593857317945
1440641927118
302979963096
208240974774
50311199204
1012524394
2868158127802
590092458175
4094361351507
36717151334
1320180770709
1642868456427
3584263476904
3619001985349
939833188972
2820002994207
1629751528018
6686935916
94045264988
3211494582138
676666344282
3182746776432
23674389799
431827245415
33397239160
2032654202935
736350454525
1377410277791
480415050840
2394401865485
3964365083709
3532872702901
4362990516484
1810035039530
1359600009357
184401493130
3305009052434
1011783398016
1719125204643
67186093802
19493428977
1329456588404
858318508881
3205094886623
2309827302595
4360184602856
1512842054754
4811477293126
18321658382
359947166067
195539329464
154952337645
314474339594
3779708257749
106385529847
3296089665243
3653057791060
2549299206114
801096239668
950316405708
310455420729
2142940021092
4135177495218
1659473898750
252644845757
765464724211
2055473174988
4247821900147
1957444227718
2600234636274
626087172878
4458879853011
2635655522234
1317611180706
131620986913
19744225106
47075643231
419542291525
4719570101754
1477341995058
1944423739887
1943186534782
3161275891864
3459389411687
847219324289
1052941233365
3204295205214
4209189279803
1380563969043
2912953463106
46406864790
1056130257
80022027577
64905029824
16572576332
898111219461
40010821030
2749989016858
769785361764
3266967498853
701487196876
3276663713407
1527701832848
100835977055
2376535517114
543560118085
129533888444
710873129659
3348146335099
4930188200354
2805534666
1974259049071
27120879145
431238458820
4756599810601
50666514
862867913191
53967876074
178615698
67647239214
5988275350
1734906992904
3437814250571
152854074313
609012347943
3037043311485
525051087
391620234873
4324706276434
865770802841
1821418082552
2931275702195
503946308220
941575390507
3400646931703
3926221922607
2563596555618
207833195099
4485362555736
1985501658184
373863637777
55110809096
2536472791925
3531194535218
1000949467211
3640266720574
694026197381
3744131071505
129055974043
840681578639
96239599551
2144891506425
2079720051020
251297819987
4840034536853
4575765294098
109137011914
3881203390768
732135623483
1945042492088
29374862434
1954339116049
1358032646593
231292828321
4524270787750
399222700209
2321313895033
2836508311756
184593039089
4828207083414
533107024940
16915544505
1780864742631
4261662749378
2457502766537
27564600610
163509656613
2017503486897
731753008600
222549865219
4562385030103
4320980770871
2106054763097
2518729825089
55006499524
500781731687
653413540237
734816909574
54694144036
2207106060344
583963380353
1932073941010
413479326787
1662345587254
3761468883195
4307038777216
191780263936
2975835234404
4970060104630
160989480633
1224280212836
1471921935969
3687272443074
428885981443
3302575185535
1127101866764
3197902535458
79896542901
48432142904
2954273190843
4637252050083
2235536868483
2385460724315
199536782705
2817007969059
2766303382470
811113433220
479178184679
894715152907
3813857100
4776154990619
425954122010
2159223631020
2784895083798
3767544440321
119799281262
1167966574480
423324306226
1325330266386
3177171062903
2108634551382
4549027215025
949002352881
2930511005617
2400604232650
4058253504353
3967032677937
429179776224
202961550542
393021816275
2753694298551
4709854493421
2493992117803
2870426765053
165510528273
2595190596799
3498550856546
4653661082799
1534885359740
255124345279
2687412183245
2415116212723
3040159903289
3294469463836
2688877763741
1458949763590
923384466509
793122196790
943320451554
889635609879
398939756596
451756969265
1545968188273
3441957758707
3436157552044
164235530281
4640145076293
24449354699
4601635247742
38349282267
3279089908673
1521088640423
1321209610728
2532207107207
2922871181203
3080007323832
12384262708
879954329190
62878392229
644816764588
237343417710
164417400545
2397846841171
456875855829
245720942691
2463795750212
235390664487
3181153013224
104663858964
31394322371
4827222180520
3051856109987
2359416567095
593171680000
194151030250
2593029932224
1200622373786
1319666685531
1971764328921
3451083305821
2552156306915
2303759257250
2388897401015
3170013176688
17108869
3890890505567
4710825792233
1027236052534
3335910792838
4979050491169
1424560441583
1623498155424
122278818470
307953780674
607628174103
4147925277641
26023506847
4516668019606
450556326279
1665219347348
2926689679035
3128804443609
2278792316
1227255741974
39922726852
1137617454754
100554620694
1618955485146
1531566464951
36461879407
31631031729
1947518949422
2272174182686
3719085529050
2691809765503
128419746532
2540742099583
2173610070480
1500227185014
183827653510
981683896026
4085317073269
531481518695
13189932428
2598072701111
3759733672813
2702079229425
3679559343743
160272571927
606936771421
1429911144256
79270019667
681444943210
131137350715
455366340741
1666369383014
3539589785201
549802417371
983467013946
4283856546888
332611152783
742500287010
1654882105359
396115655553
4280152961623
616999523426
989277053497
339945189380
1602541081580
3720809053199
3307443834770
1640014134543
316997313319
3701010275674
1380038179486
222128758843
2909905017826
2947361140664
2107989476422
4403292611731
1529909039667
2317930330498
873682058427
4003568815172
90806712214
3006751226085
3605424557836
2835757183680
3751929365849
2881025474063
25951093743
1193268990419
2848543292017
11506051241
39834651514
1064503297361
990620554410
258528742920
1551525840530
357788416493
2170335839896
4865706495639
3338987666
3523647549623
1116154060983
938093452189
97622844413
971021340253
2044047640858
892173133257
485631100
1994890953451
882891611121
1547078648803
1844882640522
33478603976
517633447617
4100697725273
2608167418772
1882473242504
4267204732253
3174783291243
1813027713809
13138865166
486319117705
6507836162
3010625755184
6436514500
50211446845
1456791798821
1917318024279
2727084267407
3757131447038
123371311580
425076574249
180020713369
1055709978103
4279227334568
3979318288
14652677262
791531116196
1495851751861
112524238643
3887366659632
3096489479936
89608060533
3288800580535
3580038508401
89812455
2246821363087
3042136507
744427843114
3471036281051
477326092591
2883299818454
469336515793
1393742868783
3491871862672
215033891962
3101994105581
409748023044
589068264388
4251510314846
1455713120873
409461618257
3415685614
253770251429
959097512908
3839058097610
3910305076086
272606048187
2632756052351
1616119525420
676299336968
1854547800402
1847296335598
1469756812517
4683661474799
1487668522055
3210694249866
955580694639
2345094425714
460205952195
4082605350269
4881538016579
3636859342536
698123624756
1394271394761
670080466204
3854838547359
3666724761109
455065140039
3139086328914
2314550978507
139976656749
2542879388685
4319119036553
2166409004450
4197267072432
10205023807
2295001710255
756467390134
692910917922
279670994651
172328106691
3777968979922
24591020757
1713293406976
3740669121535
2469911722
499833925752
4377965757188
34295750599
269106868191
4269977857723
1630320628725
4788894816173
1106202696226
275654234902
1680789691685
2862869230405
532781857544
3072171956478
4245056428742
2360099718735
3804965301117
21422667344
230003427485
1217850013468
2325380271460
1811830364604
120416482281
260354043003
132916614933
2162487050335
447559217311
1183502018898
105379576583
1012688649131
2664742470997
3583418317808
1523291868958
2554299945771
4157041729826
1600847972059
248615660311
1743117181343
1288511886092
3798861023172
3441128912508
3892652992223
442782679627
186512956350
4861752705618
1169419229989
65245394739
2293655231884
5563419790
1379512410437
845583035110
724120069835
44898392539
3823305129531
2356685412851
8371643015
330796352819
2613942972146
2150099058589
12682720400
428005153155
211111924792
602108317231
3031593382082
2592309995357
2650177806286
2603839539604
2142289648069
2965044369271
4245978226754
3309879302229
2726347518195
2570759891886
1449246448058
290963261449
846810164676
74850637512
1938858922594
1603105587060
1335660760445
4528074104674
3677846997526
2112506651490
59788900512
1229737248944
2736633718
2193948313716
496048442099
168441972510
2440774716013
568101771641
333391373795
4748789984568
553108830064
2419269554229
985699039381
64791601174
504579915995
2541454459776
3093347470093
477943100319
134218901895
2174920315091
73888467441
178320490164
4063656501285
3065130425424
137496898582
1133311180957
2006179424031
1916704177371
30376346567
2707219218742
2992050148926
626788686714
785970762169
1549857255785
344964489748
1386355209480
2467995045239
268178537954
141807739640
1340843561990
1422957258136
1473546620514
3496880650008
1822617846864
1902003347542
331640526
2658911009970
4088029107037
3807582719247
2010578386190
4684630140222
1239535130
765857176998
372215252229
232369023891
1120431896467
1220320136408
248838748536
1372161632922
253094698491
1787983762768
3425400177610
138651468448
1002300485153
249061887619
46597402983
1508998810423
231508034507
2851556211461
1667519555786
4796742957396
76917853037
967919883429
1080340881697
4832147594687
3037822279146
2415808241272
108265085569
587023740327
3587644689485
4822299828159
877025319485
1212917711447
2962734188525
110159746874
4345232476694
183063702713
2929746414639
48040992695
20315303538
43968552356
261269263580
3112231338732
1909345751202
171214852462
1052019025010
4783012832774
1071478202146
4108849277987
3477698534313
634530292291
38609481031
291447945585
1014500145404
20187166065
129853517513
3651350834916
2508820300730
1758411598359
1258701284397
4147014102619
9108640872
227431625177
8452240050
1934538709818
2360782948904
1505707395062
406032380449
149747932856
1885520259783
4254277804006
1904449160821
811917359369
3016055594020
3571594641533
315986722940
2449825517723
4413634218727
656654435008
289753873508
389661484351
146853527352
973239174640
3259707279389
3668434756112
1400093154477
1733150662814
2146843615725
394989464128
1614418758618
32186122708
565090445222
3852206334598
2336245221839
4407992140350
113268993237
3791020836638
4473059463829
2956579602599
29758543830
136181282466
1548189536156
3792762175253
803495489805
1879427951239
2289618925309
1323268956263
3366959474677
976790303507
2357368042179
1523842856007
37401478767
896412247076
2437992983801
3233951412401
1378986792390
2096396771433
27713363191
55529387050
1719708716149
754517110549
2079079993736
3217102732921
843130550361
21027677757
2732244786928
689201908612
4527123233004
44339155382
293394062470
988829463225
305212088890
198134557609
4769305221518
1897725286068
126992470910
1242677477740
251746175977
3153344059064
2431051168218
126043557531
3864496161165
1400622956100
16011289319
3501892470738
1610453141041
35787628943
547169590411
4081701522864
394708142326
4940143757658
2669851547741
952508416665
1272804252614
1567698459805
130494348162
1881863965318
1726132494152
1269774112705
111930853561
4851876202161
333131024667
660992545574
2815511390962
660630291702
4041171467913
4186280420913
3718223821313
205595931863
1649725590578
4682692853810
4819347419821
52327573431
103664743900
1451401058222
15136231097
4783992963058
188059127174
848038175722
157244743738
342319158730
257391085989
166240716301
3599492770734
548813903404
2477810468957
2722664650392
339818917
26680246805
4189025948213
296326712150
2674237481430
1339806029277
210495167856
2476406843764
1016313626047
1064039544408
566093539261
283014066000
1807045338924
283973052708
80273284784
3365320330843
970134603137
87757394086
1196697765392
2248816402012
3104355665747
114317167898
4911298543719
666074233094
1842470291615
1563228696630
817960950378
2728558098624
2987415055090
1852128890028
4306110414104
74368314663
46026746451
1652015716291
173444500384
11699522743
563753536338
350017586156
4354574721745
4117008553067
2787875393441
722599200412
4231242335621
9715858
2782661032623
2411656622772
346290672950
1203078302779
537997870443
3914722575639
4116101687670
4104319649339
569106877886
3630902000542
3516109421424
140233861
2532917903978
349484307648
2406816804352
1222298642669
797502826492
307454289357
1802268735487
144994748477
433005675097
2471497663326
1151067855531
2398535995777
784384620978
1545413054270
1215382601460
352957253317
16629666374
210700713184
