611091385879
3846131422177
372480493553
10067767908
3939197889200
827342344820
8416074496
278348363618
2061052814779
3486221905951
4671100181367
4548593383728
658444889618
2357012672623
176523969015
4736458710517
182231763599
2295114535589
422877154079
2318145431341
109068720255
703737825082
4566826489311
777771487324
1339608706967
986353470225
826524522515
327419127022
2669920998656
2432884455858
49218321879
11907207581
3041660513854
575397478082
440077498488
749397990170
354415904858
548826191627
3797786090924
841301043639
220767867851
3974941991747
2319504710466
446882015551
1431656202942
32534067412
169634411009
2913621066158
2486739822747
35847295183
2335841720864
2591802351023
4524662947141
3317329551315
2918187119739
294352959178
2306610015826
1042458084451
44381563749
228212338787
4751152383396
1780320355389
2071900736685
7361947996
214438316885
2534760192896
378423031765
4033349738188
739291609741
74664853116
2383093368978
911476763213
4870384005962
2602568235005
2033691046540
878779118573
1989476349032
3174306638639
2954119194676
1774976349452
3567085226559
231779318873
2060477394
1662862323475
2648106298134
260589532503
2543983619903
3761969445425
1019244476
445692888654
1490936742647
3087905735261
2609047419611
725023258688
2230796037926
723490817612
4722763861437
450757436704
63884601025
1708574994852
982375936890
1748370721521
137968925384
3151987858306
2572477099480
111282368799
400190382851
268040554212
31906993678
2735169071956
354941825787
2079568984572
16997329055
54752898449
3408751729826
4872367427978
2679399539654
1431592919
3885898314840
4919090550099
1121914750490
3435322392410
943390206339
138950490009
3859366262391
3955261700152
3109181929576
1217452734733
1615468984912
544867887516
12252773802
2298492621964
1904860080133
763117112763
55173567442
1789842446851
4963006654034
77735309206
37604131888
171619733182
140757905984
4069482125522
4590860177310
761541968809
1137583298056
87813148473
3102081146620
32761527
3590846064480
1146656531269
1764898800673
95905466999
961267758493
1410964436837
81368918039
4958824118
1828788333660
746282491625
2533342401114
4151374572928
1980051163374
1193484443583
4852546053732
5495054976
328423913937
734260144182
1965636390509
85462275992
3760227984485
213019765436
2322905268790
2872646437471
3930289651559
571979174
851629872907
2265503464898
2440533462405
2031787520130
1089017170206
970040575759
966527606091
1048388606454
3225599431054
2467777943723
3274929398681
1334471596072
347610441954
977081849562
3084759010578
1550905095266
2471984805463
320168036302
3305883314855
335246351046
117556025357
2460776145511
3102869773663
1091817058828
685757969568
1010853960497
4599526684887
41177366784
38543561017
217492107164
4434344943199
33089076453
541583776972
961705781837
2351542281300
428079916191
189724589
64900613148
2722642312951
1566500041812
135852305150
2954887217001
1464351042222
3048693239084
555143126164
947550095
682409309231
938619716001
3980317268884
2727060532047
2905255695687
2254793253903
1793420686133
178171597333
773799678884
2951048568391
3270870642197
44288089330
279044264550
76378221167
1154319867725
628438853059
70813354212
2696946845724
391303207526
1101179121736
339851803644
80107985997
1200313005013
3998059940
1175520014021
1487670529218
2289713047148
1877896306226
2941087393532
1596247674123
245418038929
4435291202774
13476307480
2524841434247
3504670858646
392132196615
1274059444545
173793625349
2428024216732
276271479424
379237521731
2518477468296
262162237346
23853975
2483223363795
473129511557
4565866096205
219947679373
3460309133676
55912964870
1298751166912
3775917376578
2512824468865
143234818595
541911477555
3382263698754
557477666453
104250700052
2345392496529
3365763842970
2893866358063
3193498236839
147405566504
371406065149
3911613205362
2628539732480
806226503567
1246592336111
1770823328165
1105874691320
2739597000516
20648804277
3771555766942
7626647024
372211566308
349436997955
4674015426359
406922552271
4106672008814
1044280543283
1055250107813
2329030946929
583284448653
119676739308
467636773042
4781570970310
421726484802
4742333493486
4621704760741
1785673245407
256360506124
996997734419
2989584911773
2261484926029
2787773304855
503608185774
158669757233
2629986701488
3059646721295
51236154817
4035153502831
3785526926812
2475493756768
2827397259763
65468390436
2249447725467
3293644436967
2331754757049
38457688270
2162917906297
1470296912328
2358728802
245201765338
83530618897
48129728684
210204326648
803404661273
4541885791450
1019392307925
672403109206
595382261221
3036195802382
1950669850852
168374490490
2244776417295
4491291707258
508037663312
3626627102801
255474881458
220357734365
28728627656
478964114835
2563914590811
154873729838
252608032186
3201505803911
3562850128083
1215980389341
1060298140080
2437055450175
214844553519
1011302332302
4417331749453
801390599467
1776756948234
68577755527
261487544731
1574326792851
472211890346
111578367200
303245911357
471906237405
135690297815
706756667703
23054542118
4272178433215
16074968915
4842656088754
413438974135
91537693955
2215549193782
4744292276616
1253062088742
5591813853
1760165264485
2446805092509
4402236224029
94528034903
4637173722295
3424516343748
115300786305
1270550421417
4087604424838
48227942738
2534051250233
2721906175266
869118074551
4804184530280
1973777345732
73814950045
3589996084675
2359749989095
2309320429573
3046347554000
3790778180460
8659747568
477116786891
24813755534
3924059789324
3803923495099
334992214686
2177329575277
441551451477
4009938036039
3586597009453
4579318314751
277423517017
2476196043794
77116656845
861600887364
39957958
1301284127960
3543398775050
527259744460
3965096170557
511851896063
3541710485724
83402685776
3725495808563
4079444076478
1378960388964
575055896312
2867349838587
1661138628073
455249139207
537985554912
2550380541287
3678879366580
1230747299456
3268436466700
4569708074868
3179098926309
53187718085
114105362812
2570335388461
1061217535897
2992681890161
160931276064
98468820
1371152333651
3196700774147
4358050345191
107892968431
665772251622
4740374957518
4776660669782
435666683225
34535372653
18067092282
4109295819
265774097061
1543691586635
2256130574022
780558110883
408899560217
4211088748738
1756623003480
880043484125
3864666094988
3632603464618
277192885142
2179956508508
3211130132849
43544505282
1114350446865
3508870087189
15848545735
1039274129169
2956423744152
4143144009782
397123886820
1725492177577
2634329561444
3921391165508
2282297953314
1713816629939
4336502884990
2925807264837
789745192351
2728533888268
1349400383553
253048151849
145899999126
3257091392889
2711614359299
27204276118
29395124042
4191746577713
18854226483
4730587027269
4549552014629
3808309248488
823257563164
1629669149098
985027135047
296746874292
206225229769
1422613031015
1635371173237
3421195105813
369797539348
2225481765109
466725528465
1449062808
2479006050567
55490012239
200327772201
121656477053
54124577375
2946447372571
1817962748607
776579538861
1761347910599
64717016
1803577482878
2188503564925
2042585562863
351529824478
1868753452989
53291201837
1033829073947
3684906276828
1237375
283706851546
183204336
1387308649837
24197063987
114403858620
2363175991014
4076725745342
1506223705328
802598771401
2410009041537
343717505955
315222914635
1275564678751
4122149839989
1978005038
1344243050103
720429286707
71051337406
104106063413
521132708247
1899322709510
535700381461
4132184011800
13060985199
1814361582901
862851532913
397958689669
4636206172535
2318825036473
601649425806
3561156529610
648617467498
902513179416
932556506681
1249078691114
2948747237676
2863569707874
871213267278
965650380012
1688830867244
380325372793
1570411312015
2512118101791
3461143512690
962581857036
563511301273
207017907141
84428083712
3806554791114
2580961923
196059951673
2707210921546
5020416166
1283102016810
1608109123398
1705664945401
3684044905826
2890832016369
1268547727741
3613831174510
1019842328084
4696413516043
3730696271757
1782697896718
357840885122
1749548384651
1181818871066
1583859605242
57837053959
188984662811
1157199067850
570280144878
2095589622204
42625633983
3005856982340
1308393133468
2234120424315
1795808551295
41626608734
2209600791846
618835611467
86895123999
632374180773
957330113682
3863782559681
165868636228
302761997975
1933282648039
4412611921856
1226309184623
3402122742702
59461302797
4313141554495
2763257129729
1067669108422
1447151789939
457052976519
14963867209
650432678983
7213045485
65127176564
2354276916910
4709094243033
3972255777977
1134726555223
274891654525
3534118951465
4837714425619
113508979509
1643942174855
3805677617352
230727912220
1483317280505
1897280797
35682316297
4611091492922
2542563737815
83274774767
663203356559
117405192114
4525618674104
120741515664
4773715517655
109657949167
3461978151140
320665110736
486028841
1597940326821
3121825375333
109952797112
2999654603997
3391359085739
751348215600
4235105426321
1602456438168
7324545830
4830798507410
2170114739002
2977219759499
4927064122948
3941872374812
2580338880799
10112703750
148751604334
118766452141
474660465364
923061867362
4716902462998
1363364321746
3210327586152
1689988887800
73693742558
4639109135425
363399021203
1237171028456
4610127443379
2895383907511
402987063060
304701566603
2160960133085
4203715124026
1357668459243
29023585665
190123484712
573348575113
3693525248940
392685185183
2081333968
390198980363
63771992140
2058502668710
4416387681104
796553129
1321660405445
8134287466
66266763242
1677847768094
19529296800
2769929712949
2815397180751
4564905703990
4517975338441
3593396393820
556476431481
3329615331185
3668567257971
4346803304940
2629263198278
3114709000617
274202815664
4200951763373
2740335203553
175247340737
1982562531533
17055922091
3215947741923
17647733697
2876432263452
1264544802341
1364920344758
846251836663
598512568146
4895208426014
2714552436310
3706470891042
905496775383
2173392801508
2583202745200
142406426393
93706983358
4662361413909
582252131113
4686666405455
368727077723
1808966190148
1677270354641
5527220040
2287689075267
269858466474
1928329164231
446287247586
1916581072722
1108440720
4725696689406
4375878986419
137479359022
46285512330
4465624028485
3226404980848
158323225793
1437523327343
862747526
80989495947
7103909657
3851422728670
185030881903
88604134643
3563696986069
3965990716599
4456134569546
1341152696872
1780222665
3108392734992
823665570028
3997357599811
2850735809777
1392543850874
4693488192586
4198189215342
1521599802387
1333958330334
432737637940
901235326683
4309409451403
2060415256820
2548958170627
506136046413
1401473920342
2325627314325
137153145343
3845249783174
2430106479280
3217554869902
1942588480508
2094947184929
2682319935936
167835523783
514084024746
160233663416
5082864947
1124282615276
21869215057
2507881601733
25785596700
1562595133265
24675999728
418573835130
2234785696205
2675751694464
93297929243
3485384459098
1831197601575
3477016636852
393515362234
6431188074
1276568599881
1692885696666
10614926128
1468133106828
1554239556597
3811819145849
3909836946501
4767826374924
22921618537
1025698682388
49819057182
1412549874853
606887803068
289830710986
2979536362996
3482036024428
1163449767141
646440989867
2137544280878
42534367029
537332160290
4115772319438
159190360368
545855762099
4631369042088
725406738640
592605925857
9453635949
134719744987
1966887542613
4860469907891
317443251735
212817675164
3835554398929
19282931286
126289402775
389371709056
2144163758
33887714070
3180697254833
4099401456195
59788362605
347350039985
3390531641756
3861132596333
288174835107
999671544549
690233338467
213626876830
215454364979
4418275919243
162861316597
137642510519
4212933693030
426341580644
1668042267994
394346392217
125199674758
2240111174901
148167641
3047911327625
4683744408275
4197268609075
4160531498286
759967878689
2383781487609
3834673530824
952090863065
3565391008950
3140856579823
116200812385
2387223009989
2478303380698
3653132881020
1879117196768
141911091498
2026716463847
65810228435
1685938141674
305430300064
234734082231
423164931611
346049582781
4499859552843
221383370649
841713000227
445099351808
338569031534
902939207151
1238160668310
661005405995
4846610744642
45804694196
2436360058696
3327156441251
1607543565851
2296465513038
1248169810
159537891106
243906265540
1062137964707
4684718117694
671664655606
151626009130
1475712217064
1650240060132
4746251563156
251509275123
313500305320
322909257951
1201778436288
1719650793319
369262133268
642098291752
82764493533
222410712528
1225816437787
1396218167164
8947200851
640291894466
1723096329
2032421978137
4851556502965
1018042384392
276041339775
849974045669
4486534235330
14320001978
41356885722
2145984319384
353364921972
845012970637
1722570472867
307620672254
3388049944953
3987487880963
6605279017
124269769390
1649667316974
381141851973
867862822016
1186186701645
3231239457706
1489303518494
894005369834
1795211411079
407487022118
1107754757274
85981848523
449265158472
217900860463
2388600351450
926940733624
3087118974295
2831905725640
280207119006
4497003034996
487318940346
4353362935785
90867466590
204054583961
493871131935
49019117845
635964912769
428660438854
2167494442816
3607865780836
95629047960
2553938744316
30750427811
600952096628
3227210550532
458860006736
239832230010
840477338279
1796405715932
4423942787947
21820893
1109165869543
1817361964335
3176702446766
479580734222
