710866
474388
616511
596531
239785
499581
195185
336659
89071
250202
569898
452742
462232
92519
444980
403984
636482
504983
698173
490898
510960
70518
136035
82637
354352
508803
652252
182363
265278
90126
223951
53664
708260
589886
187427
389613
75172
287619
621260
355406
482415
79113
240896
11817
231848
88470
249604
337418
642895
272912
52520
578303
380264
401627
498808
477300
213897
275154
534112
503569
281714
208634
164760
526417
630915
10100
428136
381106
302315
594360
183365
251546
178063
609850
406165
315772
176588
460193
498810
456473
67590
485430
655643
624265
657272
261937
559451
369151
383547
354111
265124
295862
296447
135858
567399
575082
80783
495493
249641
393254
318425
93253
135895
244416
476259
634851
90017
584447
624253
597657
374779
12702
390319
204072
99081
241194
127392
260600
187830
236599
28681
641383
418115
521306
256812
320074
53848
409197
312681
492316
625173
553348
540903
54794
497269
392168
