53040
11048
39939
36196
23422
2504
27101
5526
5839
39651
50853
3007
21547
4603
42583
2749
44234
31603
12630
54435
26686
16011
34158
18664
41655
17334
2003
12405
9472
34478
42019
49614
8550
39721
47653
38892
32051
24102
41406
34627
23047
51684
6186
23530
45020
37305
16666
14409
47578
42860
16336
49223
1886
48564
34535
49151
7019
22769
40468
3137
1187
12297
29480
41519
27197
16749
18430
6524
6980
7977
14838
18975
29978
27925
27638
42977
17675
50538
17932
439
0
16125
29479
15215
38864
41791
21439
28617
7290
39813
42776
37230
5478
40540
2496
28649
37593
33561
52485
21835
27712
4199
44332
43756
39651
27960
29418
42741
19617
33272
11010
34984
34003
3041
29991
31270
43412
2983
22605
11669
1725
5373
33857
46672
20824
13210
11383
48709
11139
14986
34085
44367
17702
8590
11830
1007
11521
39254
21292
39748
9695
36218
46374
11336
42363
44125
42227
43530
36599
46941
8867
18046
19344
29076
30738
26434
50583
41241
16835
29039
40815
24164
17457
38203
14269
49908
30138
43200
36188
45797
19159
31566
41022
1147
21410
18133
10255
32415
35222
1630
41599
6888
23964
7137
12403
40546
10846
38425
37590
2722
14664
41589
36028
40969
41099
50541
36715
43852
7130
27127
20299
53220
43017
19087
20776
40427
46183
42681
29805
42614
35681
52331
43292
50133
12884
16420
25012
36023
46149
37047
27241
4140
15415
18882
48666
7137
18317
36522
19841
23534
8819
7280
54511
9990
19093
39578
20693
5702
18582
34944
44139
43866
37223
39089
53901
7032
53198
47782
23974
9689
39290
11631
20475
25168
19218
12990
21187
18140
48950
22396
44441
45622
15914
35896
19350
52137
8348
5755
13710
53849
32911
21465
35429
39756
1759
8712
44892
19696
11633
36475
46800
39033
42769
28882
4568
11272
1819
44273
10897
8334
19780
7921
48952
46626
37698
13346
23833
3159
15347
25686
19793
19312
3292
37028
32772
48830
29297
1896
38417
29714
6807
24780
16685
21877
55348
52392
4277
9584
32959
9767
42658
21307
25089
20867
15811
48336
674
39026
31753
30266
46054
37303
29171
20675
29973
7094
10188
28195
13289
0
19798
40062
8229
5101
18300
23568
31439
2795
9290
21002
423
7481
34313
28492
3798
38838
26239
38313
49355
35271
49449
34656
31018
1704
7644
4808
43732
45635
49376
10083
43462
9239
31200
51060
39944
31904
28001
11185
22017
34594
5764
9598
34468
16595
30570
23561
30393
22395
44100
18279
9022
15758
17496
3224
12500
31098
7642
25054
6921
20172
15624
14451
49076
6597
29449
47545
35612
15324
3329
14096
1446
8769
16779
36434
31815
15568
21260
32338
35718
44584
19649
31899
35679
30112
28316
50526
52850
9333
15100
38093
26238
36280
23892
6798
32720
28552
21143
903
15402
17676
49282
25655
25511
36853
46591
33198
25439
14852
33140
543
49968
98
982
9185
18892
39797
40670
9928
38737
36411
55031
9363
38908
2084
37551
6287
43884
31008
14103
37426
14134
40557
45675
20481
46838
28342
24444
37695
20870
32958
35801
25512
28283
33129
13542
6361
36879
43187
29190
37154
14471
485
6250
31348
21484
26025
16482
1887
22733
22860
34594
34621
44282
26398
22823
16339
30906
47528
32492
33284
1248
46657
50912
1649
38861
12911
1128
36940
30261
22925
1778
38889
18615
11466
24501
21943
11993
28060
3725
32365
2467
4638
32507
10091
14031
15809
42715
3615
39973
1109
37991
50560
13611
41881
40758
27217
24262
30367
40678
20607
12718
7377
48542
31184
41583
36006
23508
6812
47471
22463
14918
29267
31691
17965
40306
10202
1050
16897
2465
41063
54831
17955
14008
33891
22592
40536
38794
10194
