211943
82770
146496
2472
92621
123406
215061
63151
72560
188497
20448
110298
96376
141492
115050
188387
61787
155337
86126
98061
188076
42427
57743
138924
106322
101981
27302
67807
46318
105519
162849
1319
100378
94611
208173
169972
34812
11932
128650
208792
92912
209192
175719
133733
170825
95774
79962
1871
180371
118824
21010
120622
145235
129856
187569
3323
42112
30769
159357
27176
1433
18594
29566
157748
123560
165832
85718
42823
1382
74535
91035
94443
69432
11014
48672
32282
64040
59867
12511
148882
202253
131380
1410
164472
94863
11445
93848
47911
158563
185037
88429
97131
197339
54772
118689
62476
202977
118119
69115
217206
10387
32292
84293
55595
145086
219210
14237
210173
153265
206828
447
29466
117640
86189
92018
147732
151749
211726
209170
214239
89303
146746
102153
8145
85980
101976
103788
74297
198535
184319
132720
97016
110352
102373
197088
166933
196481
37631
32689
46703
56959
30726
218974
48030
133980
75371
173230
132139
141677
48372
28177
127552
26657
187538
94073
197321
65024
156802
169413
69019
93329
181045
58530
140028
55904
136054
59810
28724
140720
120819
68780
91283
196019
136852
171047
139818
93623
28624
163022
157909
176784
86928
172003
20918
194344
112681
68912
134429
125128
121903
29906
83521
204419
168701
40220
85600
34924
184215
63445
89288
161044
42496
16780
187920
195018
67017
194408
125862
126803
76839
40447
83808
93000
105930
2420
194040
162553
204593
45732
81942
203562
10390
99797
138867
132519
179706
184570
205997
6798
30197
49830
