227302
44609
88715
106408
61063
124162
253480
163938
112214
107294
42348
189123
80803
201727
101485
144435
264370
52455
209685
109065
281935
145310
20754
177392
258430
548
92936
211272
73061
119158
174975
202167
171248
269559
105952
99882
30240
250343
264294
110244
95771
145509
209976
245071
48058
211400
155148
31714
112085
185456
118603
176003
231719
85499
78402
183550
264754
50632
219034
92580
86588
186355
114991
202996
222009
148561
17004
4941
18035
84737
77952
166055
9828
161821
262616
133809
50720
57810
278749
95395
255468
25879
258432
181318
92640
258109
127550
244418
147003
133670
256542
257742
144151
233406
43370
230223
218831
174017
251781
177513
208372
52025
21280
111031
198666
141108
139308
183916
217228
162622
232468
53131
260537
167389
34843
97639
137898
90868
25215
131856
164542
32593
85202
299314
236260
107089
103737
271633
99309
128744
104977
147195
3005
119804
261900
19451
171782
190385
198385
222872
7596
49449
155204
263893
169409
167604
104160
199031
155094
78946
193292
122277
199640
71960
234175
217
248828
98209
73416
240781
126268
268728
268025
140272
153995
244022
146951
276417
28300
195658
221361
253403
175553
54920
217020
85627
58703
267761
175219
155070
141928
129910
4926
194414
189800
167601
246544
254488
53025
218451
135805
130992
235507
101964
46129
284069
130285
252569
203827
48862
105683
181100
174404
112239
100373
174857
19320
75696
6821
38156
274619
179897
112379
94408
98772
102501
201748
34182
41375
48066
54590
26913
207176
45829
266607
241920
138368
212316
14848
225863
208851
265577
269559
55381
260597
95410
220467
86584
128591
222305
32647
194208
85228
169554
169956
33835
196551
176159
222481
146554
53191
180947
61315
104842
215629
92249
83757
26365
224712
140935
211689
244038
128269
15809
231092
220494
269373
257125
76866
196448
77089
147879
76189
239117
109011
278351
142491
236451
128853
249426
30182
91709
197800
228767
109870
248222
262672
181387
134903
191394
215234
11564
45601
58327
85247
62346
161631
111154
219656
110962
253509
185247
166009
119714
246899
71635
57029
161481
265763
275971
23775
94949
51462
272050
116988
50285
283353
19944
206769
80346
129466
53936
205710
135623
28821
227671
165679
145300
151061
268440
280817
61673
129851
33668
85457
211529
226859
175891
105859
44572
102337
54920
202618
60771
111821
50798
195675
115048
113296
27942
169187
237199
133016
145405
245892
7139
244875
98749
192423
86209
5155
57049
260982
270689
163561
100478
152382
250993
177484
42950
264358
50280
101586
213699
78191
168658
80553
69861
110414
231592
171197
18253
114320
170480
185071
18027
5809
284100
12659
139386
44156
257839
127792
235981
146915
251808
207603
61185
38208
186788
289440
140206
210924
218469
54552
199277
207544
236035
280611
23083
76137
249666
134152
159202
277832
233018
242809
261708
