71014
77287
148032
45749
132092
166885
38918
183168
106068
118029
177998
28418
39234
32242
130906
27465
167453
186638
21146
183501
138174
145900
130078
140631
121584
75124
140302
131095
117099
190215
153601
81501
154805
103642
151333
142109
21700
110627
97431
18141
70248
128383
110083
125031
54363
71228
158757
140793
141226
159793
92215
77976
179918
146574
157869
164461
33233
170543
74740
66773
12733
68376
32583
122520
72423
1275
52260
53854
145717
132965
118896
149187
156348
12133
142802
10949
37831
158810
102058
146740
72025
55313
103115
183214
15930
76991
55883
80091
14599
142909
176830
25541
118042
29854
9491
125805
47132
36075
3632
66101
162843
186662
14131
119403
52576
139981
96719
56016
51863
25265
88286
25072
183086
87418
73378
134899
150679
2438
577
163378
105256
161123
101080
126440
136500
64801
104248
29845
138860
95367
30646
11055
5514
159295
135716
79866
149424
66068
12521
91710
124640
131178
125979
129266
169850
148131
126529
146042
25285
57926
110882
54401
162730
86709
136314
68104
56987
35761
30525
89033
152299
155496
95412
120632
175753
61485
129040
131129
126187
128236
170484
127045
52546
61604
59098
46468
89094
98103
121387
15015
10198
88738
113647
48191
44134
142897
177451
61692
50072
1268
18256
82884
177374
80214
78849
72071
163184
74443
131994
83184
27166
36434
99185
129774
84297
125284
167481
89791
91609
86384
68203
119685
72538
52464
104709
146512
51235
74629
85275
69889
61321
127375
682
131662
84356
135297
56120
77921
13009
179076
134921
9626
2395
62855
12004
88485
14108
92807
47046
141452
162692
122610
138040
2276
178050
62284
118151
120523
85956
164375
29088
17053
160273
38449
43536
74007
83216
742
87491
103034
81172
82813
98266
8525
43720
38358
134108
166821
97916
152985
33359
84027
19485
75320
133365
129362
22110
9060
105245
68607
98945
114423
107031
14796
82566
60683
23888
132469
117146
108306
55925
164103
129499
93062
140757
170976
5412
179112
165193
99196
184667
75636
138752
109185
136995
93859
52399
34916
152807
148101
98317
90191
38264
44688
178763
96293
70200
190564
8464
111066
139315
170984
49465
2514
36936
184623
123832
164209
13934
66732
155962
151300
90277
133319
42794
18680
32904
84640
158724
91112
36689
179196
17521
29981
25417
175782
130498
92124
168806
10510
47877
169230
107071
80349
9526
157633
117652
80461
35986
134996
178060
85531
31724
113037
50243
25575
159800
62238
76922
67165
118552
119382
70576
103691
179130
11215
120303
50454
86774
6275
50928
71205
66487
119924
153359
169306
113028
3480
44961
168597
138590
80416
186121
74020
151205
41675
29825
84707
106297
179529
36966
55132
2904
124553
26710
121753
67945
111648
43702
119920
22413
174567
159861
829
189806
156690
54438
26285
107502
17012
75859
151031
121930
164038
31926
163700
138696
15592
57564
78302
10145
171284
129979
116255
51371
190483
158966
136309
38137
18408
10664
150047
56473
43300
61893
133246
159442
104638
177854
157634
46655
47049
180037
135913
11781
121763
174876
153531
32149
114146
52754
51157
39057
36266
27949
78450
24942
85159
56664
144650
2630
146750
103752
193340
19235
153135
2237
99807
58874
124922
154143
140959
145210
105964
96120
186040
51649
102009
95556
89113
61450
158203
144320
123084
79136
139800
59249
148749
12543
84184
143932
14585
65134
25159
108202
87961
105314
34587
319
77647
83541
77405
83995
67505
103414
166862
181967
126378
98408
142451
119254
44850
119709
2735
7159
103400
31132
73149
112843
83143
155073
44498
114891
63763
59533
126827
19392
118193
116747
56370
145933
184263
191226
125626
65931
114578
84110
57242
19781
379
67987
97303
161713
17751
82174
71319
115158
113589
130970
44706
95034
105981
86408
17518
110532
51108
163296
60160
120587
130592
102789
9520
8165
2868
172448
0
7847
52497
177480
65314
161082
71153
28803
128425
137085
93083
126597
23131
99540
143924
138428
83659
114733
108739
89720
69223
57496
59202
132391
165866
118623
120816
55463
17963
16291
53899
104424
156154
97813
111094
151563
183059
94276
3380
119823
66585
101729
102155
12963
145381
45741
115300
121112
51679
32983
90140
137109
36101
177924
129687
156810
55293
125377
53480
95309
35479
169924
159733
32846
146860
66817
6108
150910
88280
171892
105484
111152
70771
63270
9779
128329
6505
20211
46989
125980
163449
185378
109030
0
5153
