99570
93110
37363
100377
95366
88325
55702
108972
41927
67434
91169
33183
28015
5154
101821
92901
11175
9706
13725
57364
90319
37859
13835
38901
83966
11539
72323
84104
49426
67919
3188
45849
71960
19065
48040
77035
77107
72073
22270
8397
26830
54008
15201
39183
20786
63754
13050
54585
30295
6723
41564
96213
38650
113493
76464
46781
75684
108300
111896
76554
70467
66747
110852
68820
100833
62335
91881
15999
83808
67675
101851
94004
101571
22682
64820
85053
84664
4397
59212
103853
58002
64784
24240
75956
775
70120
102003
57275
65349
94155
99047
114183
9747
49499
13872
0
60133
52496
1076
12422
24116
18827
59718
33040
46920
81943
22785
102637
82913
31761
12312
100598
16622
26993
55695
45603
18483
78955
90200
113756
54256
77646
101263
85689
113751
18831
102367
93906
106300
96376
4669
89522
106595
86888
13673
93408
42115
76476
112225
97364
27946
77885
16237
31558
6414
48928
108586
55711
13444
68412
95281
46524
47044
73801
94637
92574
16071
85658
114708
116954
96792
102877
36118
53746
47293
92982
97505
9238
54685
69266
58322
36342
84109
62859
68890
25760
103503
7345
73351
58182
115034
51012
81832
25059
105962
48074
5330
93750
75423
102308
38438
114313
53367
30233
27074
2350
2380
102826
62066
55124
98142
87744
82563
36334
107707
4663
33463
40182
56083
81748
104531
44192
88085
58796
11904
68746
108964
52630
43980
103441
118894
13590
46022
29292
57956
83915
92187
34335
47560
61564
29632
101589
57021
39885
57761
47494
24396
19206
106602
33463
40218
43145
65184
65069
91825
63308
30532
66686
15317
93190
19
19639
26665
83656
57158
91169
103725
14637
74813
116683
20125
101289
15868
22533
78735
22687
73722
24633
67416
24097
59091
69041
1917
78810
1832
109135
49274
28181
27853
74123
51110
76101
78592
34679
766
64105
87021
42299
103978
73885
61897
14382
11065
65356
80583
23991
19649
84711
36844
116623
26505
15555
95554
85717
70544
56428
92995
0
82567
63555
24847
91295
31685
47640
19088
65048
116826
50700
92018
92232
53541
41413
1580
45457
104824
20939
93130
30125
86648
2953
2851
55217
42072
114168
63130
88747
88480
44262
109665
35943
5101
18143
55623
89472
87189
3867
125586
80714
129784
90299
29002
71318
87741
18484
43446
7413
26380
65035
84634
40230
55145
53788
59990
1151
11261
94306
96774
93870
19898
91875
35447
25968
114093
1703
59703
16224
3437
109243
112237
47609
74720
4890
55649
88981
34849
98024
113685
112137
69931
69755
35201
101532
39865
8833
49221
9899
86911
52815
77238
18876
121574
38840
16684
11714
70555
108928
79884
22374
39484
1283
31175
55662
103932
119443
36365
19238
12782
46309
27403
53171
48879
26596
7532
113352
34526
65640
83521
53519
16513
83277
40863
32445
40316
43862
59621
120491
82856
30691
35506
87045
83407
112472
91639
49113
76700
54544
6239
47457
106881
92890
16223
60518
8315
29688
63591
30755
85281
24752
55345
19839
106557
33780
46383
69694
115016
68892
12171
5059
38715
66549
94124
119029
62918
54940
77200
76215
57777
31319
46285
70790
27722
118069
105195
3573
0
46120
40236
75861
60716
92639
43129
10869
49341
67327
29910
63333
30783
41138
97802
64299
101453
85961
97573
10327
81798
109496
6961
28543
25577
20524
12066
87536
79954
111938
80724
83590
57765
42180
12056
30059
102754
16660
83416
10563
99305
74554
90899
32138
31418
125200
88298
20930
38070
66785
35141
90574
37345
111328
8592
39462
7898
40216
86550
9764
54624
103364
108153
30346
21453
93582
87754
57427
98883
59633
35493
70393
2286
112567
32960
24790
76160
76766
