1679
8929
6590
3845
4964
13253
11790
8311
16270
17563
14486
10651
13452
6191
16388
709
14316
9844
20916
16535
547
8934
14692
17128
15078
11307
5128
17031
10093
8539
16734
16295
2059
2641
11051
7185
18730
982
858
1879
14787
7263
17582
18620
4484
10065
4541
3678
13952
14822
15823
14501
4220
3227
13921
15958
15658
968
16361
22305
17900
17866
23386
10911
988
2515
18890
6003
673
6790
13477
12769
17050
8147
1566
10345
11490
4286
9707
5197
19463
10306
4172
3766
3245
10804
7453
15875
472
11023
2473
4744
16396
5723
22161
4527
18598
16475
764
5710
11128
12679
15690
4810
18020
11272
18427
2976
5244
23309
13291
14704
12909
6415
16660
6336
16923
12565
18257
8308
20187
4811
13821
20320
1053
11569
2855
3867
21516
1983
15974
7786
7899
5886
13071
9665
8864
20988
6370
17152
13785
3583
17494
1499
14667
13420
12109
15577
7804
9875
3931
11131
2927
17746
12543
18284
7865
4723
5809
7872
24057
4318
6992
699
6709
769
15191
5722
1511
6746
7322
8739
8041
8342
5977
8480
15963
16742
4827
2807
4920
9394
13227
11514
7805
14275
9060
9611
3317
9970
5018
10771
5341
6176
14122
5324
7604
2817
12754
1661
15953
1747
14370
13030
3429
8156
7616
3202
15485
9001
18742
9449
2788
2572
3914
8693
4704
7251
7675
10000
9452
10596
2137
18489
578
3894
9739
16470
10975
8910
21259
3128
16074
14100
19849
21373
17062
20144
1603
5408
16708
7514
5541
10904
6604
17785
3595
889
12639
15077
17133
13295
1290
3427
10832
21934
17535
3895
3914
1786
7678
9293
23382
22575
9207
6904
696
19780
5489
10487
13024
14202
13094
7054
2717
11442
21124
16661
12588
12496
17760
1375
9869
6448
2442
6020
7970
20989
20600
3348
6401
20142
8608
5264
9454
393
11610
16997
16456
11881
4478
2605
6329
13975
0
12348
11459
3651
18594
4728
9326
13183
15419
10247
10526
11068
3113
12443
739
12373
18666
11539
17735
22266
17198
4775
9238
14878
595
883
16161
18052
12507
4869
5885
9280
16582
9091
14355
2454
18535
5200
3696
19710
4237
2303
3274
20480
9645
13977
0
19268
11110
10491
47
15086
9174
9765
15282
9877
18567
12145
10191
9193
2207
21867
14967
12995
3983
96
19566
7249
787
13130
21450
3640
10255
20709
15848
9373
10477
17118
8231
4500
15636
10536
3290
14518
1913
12062
22368
21044
13483
8708
3244
16230
2594
18979
20549
1317
11352
13280
12742
6907
10476
14014
15634
4325
2484
15258
16687
2597
10460
16106
12308
21273
9942
4397
7933
1912
142
21473
469
8678
13896
4276
20248
18440
13511
18
9793
16163
16480
11127
13828
13940
16798
11707
13267
14077
11394
5793
7374
10983
18212
9819
7168
9092
2597
7248
1937
1135
