395046
229425
277158
306169
202371
269839
364936
3537
339787
368767
113409
141677
378504
43105
321843
292056
104326
270662
15253
91260
249919
82665
17886
188874
133925
44823
185562
194567
198815
255638
266287
279284
11164
51220
100298
206201
329692
369394
272318
291481
59896
84972
366153
349410
41578
214074
344627
19322
79334
313992
369937
105455
269073
139525
80006
114500
96355
220964
65953
168325
188276
359913
321485
109588
178383
328637
3344
12642
269050
201725
360668
108504
285368
172362
340757
160182
214835
90704
198349
203649
165317
363023
170738
139948
250683
107007
295872
371384
324773
103093
119315
269168
23727
206221
217171
49553
6646
6259
365679
315363
162871
258455
359196
19287
349021
145934
162765
377001
67318
260458
3706
97345
341351
31169
160743
77029
365752
326445
589
308537
320365
392813
375755
162428
408155
89677
343981
221146
319289
150450
246083
329237
281580
90257
401245
97742
219335
25172
185063
12331
91692
191029
42271
77317
292993
212743
78300
127523
11266
240438
48049
175719
355025
161237
299015
179730
373638
199005
23236
99363
166538
121775
379170
287248
279004
222688
170394
217213
126907
225051
222839
255629
108107
125426
101721
152681
37884
314266
33210
61113
133059
262602
148179
90241
262175
52201
142887
396139
344192
109572
236134
188970
119468
401909
343482
299584
40425
270528
207170
388809
91862
383725
118011
402424
333961
221351
39922
222539
100806
84530
131774
288740
58208
414803
199424
268650
177951
300967
44663
158381
376399
321875
150002
236075
64421
283903
303753
311664
334424
252857
113295
318351
54873
166962
58352
30582
60695
29354
122703
375247
279184
275327
199161
321270
40979
10855
43033
295559
69646
253805
54760
81248
299155
133913
414527
361599
359350
318990
14462
18896
70176
272466
309166
163699
367139
97189
115177
242943
242822
237988
44518
10142
112680
223561
140421
287966
317803
121920
23806
32319
112883
103745
304284
396020
50168
237553
201081
322114
176299
240860
228570
339094
362184
335862
305823
58449
88399
108349
186862
289793
96568
