28250
45195
172212
106898
86323
28631
71784
55957
233859
28775
14645
74272
165411
1304
106485
68029
178066
230067
226279
208475
83925
48476
42775
242131
64231
141717
26939
201294
82227
26066
237314
188314
161037
220451
164889
29834
138594
235616
89739
14388
150837
90065
192752
21407
65949
155253
13699
19170
230086
10563
53044
148217
223211
57601
6312
78834
82023
31931
112796
86093
93607
115672
151934
108964
177034
155352
146392
211002
64433
65411
92957
249926
78346
169721
185880
83299
116487
50859
210004
446
179191
212046
52007
209362
1534
183824
176769
74840
1111
155056
17395
112800
140780
79786
103648
144293
39775
130894
200429
75680
48635
218079
133463
22071
90547
176673
174366
82542
248971
220560
211608
64765
192615
229843
114968
180594
132335
143933
140870
15040
169869
157072
63988
103239
191803
1482
97797
164283
167494
98476
100942
37463
191020
199630
114332
168909
15471
222912
21121
45458
794
218371
52161
91552
248103
236506
37243
122818
225679
221715
136688
248806
67622
84895
232877
144921
11551
3505
254289
133032
255460
109796
65451
133413
9029
172822
228141
224314
185145
80872
173553
40863
106598
5644
112455
95408
94816
129989
154339
227952
242821
70114
99496
140817
183401
227786
123282
157560
92772
75395
61143
112962
257670
12637
68864
240668
146891
116615
187740
113408
243706
143971
14845
210782
224231
194403
154009
21775
246810
234210
120491
223388
127948
106702
6101
199272
207147
222069
265622
106190
97207
146484
241124
263031
201290
85351
226343
75468
85567
70301
193775
196139
135101
