415
43
33
111
1
70
30
458
150
546
224
109
155
314
409
502
802
5
185
114
858
381
104
93
162
44
491
338
199
189
446
151
14
167
412
292
248
62
238
62
617
266
206
135
627
160
299
317
71
392
701
38
252
80
488
297
131
363
249
293
90
403
107
1
405
397
73
209
786
598
5
307
51
832
187
89
132
25
2
741
414
563
138
279
262
530
421
240
348
40
193
487
47
636
551
353
400
324
74
65
575
480
2
444
8
45
372
71
126
225
76
58
44
64
419
181
56
106
415
525
171
142
143
37
42
435
2
258
70
171
117
462
114
123
306
205
239
42
581
429
357
165
12
432
532
386
375
178
197
269
2
75
5
649
103
70
462
53
379
430
144
105
501
542
504
193
185
195
202
111
333
117
580
257
931
225
114
109
18
133
626
504
499
107
217
227
61
95
275
164
253
2
280
737
229
273
13
65
208
391
68
428
45
396
135
102
8
719
910
20
55
375
8
325
184
175
174
316
229
62
56
151
54
176
241
425
42
132
719
55
237
125
14
180
305
54
773
756
376
47
614
68
384
206
272
939
488
170
785
104
20
282
80
14
100
305
82
44
406
146
376
51
273
341
286
151
323
639
162
10
57
19
191
237
133
132
76
281
244
327
8
317
875
269
348
2
394
134
33
332
670
35
743
37
151
189
63
55
45
511
761
236
529
304
176
300
18
69
653
33
190
257
573
372
249
357
194
28
35
124
210
910
424
3
39
72
127
160
548
413
2
799
136
477
408
790
35
90
53
143
193
86
318
237
231
252
53
732
118
218
144
538
226
95
249
101
63
950
187
387
107
114
199
499
14
738
529
660
102
479
90
125
286
110
253
20
247
18
84
6
371
249
120
575
451
16
458
138
405
170
235
204
271
275
71
154
366
279
117
79
145
420
77
354
111
38
374
79
38
33
3
432
165
152
50
89
327
276
132
322
378
128
185
199
470
301
42
345
464
71
2
84
386
151
160
376
394
359
3
20
24
168
79
77
126
211
12
49
4
307
579
1
199
624
270
114
655
196
148
321
599
38
86
163
157
3
216
137
442
45
384
65
421
131
436
126
80
89
411
34
795
126
579
15
43
59
10
249
306
46
216
594
512
66
250
608
246
113
101
367
87
103
790
164
445
29
32
11
191
13
129
11
149
546
131
34
161
7
14
55
76
321
255
469
505
83
16
56
23
83
552
146
115
467
407
689
131
422
18
204
420
214
159
11
315
440
613
656
109
715
353
426
57
216
286
8
317
113
133
99
64
452
876
57
11
17
507
146
293
171
492
250
2
272
576
59
321
331
375
11
864
37
56
345
970
185
341
7
21
661
100
13
88
511
335
10
305
142
123
202
250
251
288
121
378
332
338
4
42
123
742
665
60
193
578
103
320
66
363
364
714
302
317
210
121
59
216
314
680
762
236
520
760
9
11
10
243
394
359
182
30
134
196
232
81
233
253
152
22
664
80
60
45
102
41
242
57
151
272
517
723
321
71
3
47
33
82
189
177
18
587
167
105
455
378
347
244
254
113
9
63
203
507
445
115
142
405
260
109
37
293
89
666
70
725
463
214
216
224
88
503
202
828
295
377
407
723
24
139
747
855
165
367
32
98
680
114
130
100
606
86
339
249
241
192
5
12
550
211
238
562
358
291
174
259
677
5
363
2
35
59
62
118
102
168
17
130
156
128
122
172
179
549
117
142
318
206
78
56
152
43
99
342
125
97
136
12
9
881
69
193
67
