358
85
168
204
33
21
36
151
13
301
174
439
41
33
572
15
248
73
14
339
81
20
489
289
182
220
146
550
41
18
498
14
537
8
99
488
402
717
651
5
10
147
395
110
32
371
2
469
304
130
118
284
512
240
319
38
296
329
6
103
29
253
614
229
562
77
7
45
141
388
291
144
67
86
75
446
428
28
19
538
49
116
212
13
187
88
84
123
193
392
219
696
3
224
83
35
251
32
696
537
91
297
81
462
227
417
141
18
254
20
285
14
591
8
8
298
134
9
326
70
76
95
4
614
2
521
665
51
11
187
37
333
1
398
427
773
5
128
156
83
99
183
609
56
580
608
97
232
856
67
112
150
362
29
20
240
581
102
531
141
603
579
337
593
331
770
592
214
145
63
647
24
104
4
135
401
189
13
75
11
306
417
343
676
109
38
599
89
350
5
238
276
276
316
421
242
133
402
699
255
470
569
360
121
453
13
25
396
235
60
624
343
111
36
507
1
167
23
204
146
141
362
56
622
56
396
121
166
88
25
384
366
286
379
14
26
131
17
972
215
250
69
748
163
263
2
79
235
637
305
461
18
60
178
463
36
368
90
34
539
44
57
310
28
336
162
115
327
123
155
269
170
56
119
249
346
230
568
444
416
347
457
461
12
30
157
338
118
135
370
46
275
149
724
210
204
133
86
489
17
283
153
459
296
25
3
331
179
31
447
263
491
128
71
68
38
227
53
335
204
4
397
14
4
215
51
125
39
305
43
180
78
586
80
36
267
27
27
156
109
591
79
216
770
218
601
30
553
220
316
268
127
794
179
252
245
388
140
344
285
351
212
19
311
138
62
639
456
172
41
12
306
550
340
184
150
613
15
9
163
10
219
4
351
218
345
128
2
39
49
246
40
39
216
532
92
566
641
107
373
22
8
16
16
366
133
415
449
14
668
37
26
23
105
3
262
53
446
66
3
104
618
321
45
467
83
254
434
16
580
64
123
9
314
184
143
210
154
201
7
249
238
250
66
264
109
420
248
115
740
223
36
79
268
504
78
2
126
54
575
93
129
97
28
652
206
432
444
691
110
133
64
36
306
87
99
282
375
97
548
815
116
754
7
23
299
624
370
580
387
425
73
221
573
297
1
126
69
161
24
198
241
105
221
267
180
12
21
18
108
100
119
103
12
362
22
205
55
140
777
283
476
66
236
97
289
89
596
546
54
282
143
215
8
419
275
524
384
9
192
242
716
203
1
510
91
418
503
292
64
40
563
38
321
616
201
8
208
320
443
49
40
518
248
207
83
767
427
304
108
43
193
636
206
118
425
391
93
637
410
79
242
181
341
199
170
471
125
3
6
467
184
650
51
430
788
3
613
598
399
169
3
132
387
220
256
236
387
63
276
674
82
487
211
519
41
513
14
282
387
34
254
90
247
5
46
163
429
22
615
41
347
6
479
221
258
82
38
167
912
3
851
107
275
103
219
41
335
167
24
153
680
54
101
170
230
138
113
743
5
296
185
254
21
435
515
80
344
42
4
21
161
136
135
89
106
7
110
88
89
194
302
223
141
575
359
287
674
175
219
100
746
185
69
96
190
647
388
822
697
503
6
171
37
557
386
78
77
21
119
28
535
129
249
157
481
275
315
221
373
