12
51
181
334
39
4
88
26
359
93
105
17
98
932
557
737
9
23
100
154
67
32
203
593
819
221
657
230
599
152
137
79
464
750
43
8
536
404
286
119
119
410
404
131
351
201
14
659
174
15
105
202
76
267
96
63
151
66
241
124
2
192
294
555
256
317
178
467
38
46
205
4
304
41
128
61
7
710
110
699
299
271
16
461
250
123
202
145
621
589
95
902
51
91
131
8
38
135
25
43
67
172
586
27
400
317
592
98
99
747
453
108
549
209
285
279
385
195
24
553
330
279
88
76
445
30
5
58
142
708
241
202
285
100
287
69
57
32
47
447
18
363
385
373
338
99
443
373
266
301
9
420
230
52
249
188
265
42
245
109
217
19
111
37
812
599
276
14
344
683
538
64
751
390
736
26
107
159
523
21
4
564
76
95
863
