75
336
12
642
4
124
29
16
22
270
89
323
358
325
17
84
193
315
161
92
701
103
264
57
339
486
236
294
65
791
283
826
33
236
195
246
23
315
34
85
300
67
489
35
31
359
691
516
168
285
294
35
274
25
321
162
203
27
292
19
345
246
229
527
407
73
291
332
122
367
70
135
294
14
48
531
386
57
49
284
46
443
122
347
469
176
117
38
195
51
654
14
34
17
7
342
595
490
284
589
382
125
373
406
43
200
758
121
4
18
74
101
97
144
4
49
340
887
262
136
270
166
368
101
103
557
815
188
667
12
606
119
11
92
463
159
172
23
366
606
213
769
78
665
240
2
108
10
465
6
495
350
240
63
14
1
58
96
8
95
83
123
96
436
727
10
500
29
281
579
274
50
217
549
12
362
515
376
607
7
7
368
729
306
773
67
365
522
273
67
117
699
136
66
283
186
528
312
267
148
541
511
135
331
16
601
341
928
129
76
6
203
172
30
108
490
23
33
12
595
426
196
93
394
340
278
2
237
217
164
300
541
64
149
10
74
403
443
695
358
2
590
332
735
167
223
269
334
155
473
5
327
266
334
429
288
310
226
119
135
53
50
299
261
448
506
444
115
421
221
418
216
19
519
300
255
332
42
800
198
6
260
610
51
69
703
2
614
143
315
25
19
15
390
9
667
502
618
21
323
294
139
260
227
55
463
407
600
8
74
255
180
121
273
327
66
11
132
168
9
609
32
680
52
122
559
53
455
72
527
309
267
165
379
401
180
79
369
199
261
158
104
3
142
241
15
165
154
14
55
42
6
53
1
92
675
8
166
171
39
73
57
204
11
175
201
13
75
104
9
26
136
60
3
51
32
19
257
196
37
183
351
131
306
202
299
276
197
592
629
287
88
5
7
9
8
544
133
255
101
287
16
230
29
869
86
92
55
23
152
146
413
245
17
585
137
1
745
563
402
327
288
243
627
591
505
451
65
21
804
717
110
42
16
438
442
21
32
3
11
21
294
363
190
434
513
101
50
17
150
68
400
286
384
96
72
168
102
50
388
57
378
1
146
184
164
33
14
44
514
1
244
103
48
180
8
220
145
70
21
133
266
94
148
7
202
43
277
105
414
85
4
7
123
378
21
40
466
209
244
194
213
242
353
130
10
367
304
351
364
59
86
255
722
129
160
79
325
276
537
128
526
535
118
248
256
409
531
17
23
138
238
336
504
822
712
159
152
255
266
22
64
87
376
33
441
89
269
11
252
222
158
629
97
316
28
341
148
132
92
117
7
261
113
162
18
127
72
522
39
148
35
150
766
624
133
133
23
604
41
262
146
308
310
567
194
27
150
385
289
382
6
140
309
472
440
31
790
178
153
101
279
90
287
78
9
194
21
177
224
223
421
7
9
62
42
343
628
273
243
187
338
638
230
622
51
286
17
44
30
9
397
432
98
549
174
290
62
87
52
57
99
21
613
784
1
66
119
255
6
745
105
529
570
231
166
247
191
249
71
114
1
171
70
531
858
201
150
109
370
23
719
28
102
145
113
113
240
17
624
388
444
782
61
288
532
5
408
43
293
382
704
266
3
143
446
404
538
291
415
492
15
180
569
62
86
792
202
248
379
115
31
12
102
101
30
369
62
211
51
491
177
