729
0
0
747
0
277
0
0
87
670
0
394
434
0
0
900
0
0
184
176
246
599
695
752
0
538
561
718
450
671
0
353
0
0
339
0
0
399
0
0
0
0
0
490
22
735
0
0
0
245
0
0
0
424
0
54
612
266
862
635
0
0
0
0
0
60
0
161
0
0
0
436
0
644
0
0
0
0
0
0
577
795
0
0
0
874
0
0
0
0
235
576
0
0
0
358
2
0
0
283
0
914
0
0
763
745
0
0
79
0
0
0
422
0
861
183
0
315
0
0
0
774
0
630
476
0
270
0
181
700
759
84
837
233
0
380
282
0
0
345
398
0
893
0
0
0
0
0
0
385
679
624
149
0
853
0
0
845
383
0
0
96
0
0
383
0
783
252
0
0
872
162
0
921
0
779
929
0
679
0
284
0
493
0
0
243
98
0
0
101
0
421
660
15
509
0
0
445
0
189
0
0
0
807
924
0
71
0
0
558
753
456
172
0
0
0
122
612
0
266
0
0
264
0
0
611
553
0
0
0
110
0
0
176
0
125
827
0
697
0
0
0
0
0
0
940
400
155
0
91
0
591
0
72
0
377
0
0
550
67
932
0
605
0
794
430
507
0
349
576
0
0
614
0
959
0
0
353
0
45
0
0
0
0
490
67
774
465
0
0
0
0
0
0
102
0
0
757
282
429
264
0
0
0
0
449
0
0
0
567
0
339
595
0
0
0
420
0
65
0
785
474
291
295
181
0
0
0
0
0
495
597
697
908
82
0
0
312
0
252
0
0
0
0
402
119
713
0
900
359
845
424
300
0
0
0
0
945
0
0
6
0
217
76
0
0
284
622
0
0
0
155
237
98
917
55
0
0
357
705
0
764
320
514
0
0
0
0
0
651
860
0
0
0
589
0
111
898
0
0
184
250
0
0
0
0
0
24
662
794
578
274
0
0
0
637
587
0
59
612
574
514
0
0
667
686
0
0
0
0
844
0
0
0
0
0
0
536
0
0
0
0
0
831
0
728
0
188
762
0
914
171
625
380
0
477
0
0
0
0
0
196
553
404
0
0
0
0
84
325
922
220
0
128
0
669
0
0
0
908
325
571
409
0
0
41
394
0
792
0
0
0
109
589
956
225
809
199
0
0
0
0
0
0
316
0
721
0
412
0
449
0
255
0
736
365
0
0
0
448
0
0
0
0
0
408
0
328
0
676
871
0
0
412
0
205
0
0
0
566
228
184
475
935
695
0
0
222
0
738
500
0
0
519
184
0
477
101
577
0
0
0
591
322
0
0
0
559
0
0
0
0
550
0
756
356
391
0
763
954
595
565
858
0
152
12
0
0
0
577
0
172
0
0
0
790
0
0
0
0
0
0
932
0
0
0
440
0
0
0
0
61
557
563
0
0
0
701
0
0
553
0
532
579
0
461
0
490
208
0
830
0
227
485
0
836
0
479
0
403
397
0
0
0
0
0
0
0
0
262
0
835
0
0
0
0
0
870
84
0
0
0
0
162
250
222
642
850
0
0
116
0
84
0
575
98
0
0
0
0
451
0
0
0
514
28
716
853
0
490
0
0
663
0
0
0
0
172
0
927
371
0
208
0
0
0
870
172
0
0
171
0
0
350
562
0
500
239
835
666
0
872
644
0
230
481
0
0
0
0
0
607
959
103
632
754
0
0
400
763
0
576
591
0
0
0
0
62
0
0
0
229
0
925
268
0
507
0
0
794
196
0
807
0
727
139
357
0
0
38
0
271
0
656
38
0
0
0
0
0
0
679
0
0
883
0
0
0
872
0
0
0
0
0
872
704
99
651
356
716
0
437
407
809
195
0
0
0
0
367
501
31
0
489
385
42
0
382
0
0
0
453
0
0
285
0
0
0
0
448
683
397
0
931
10
0
0
645
612
0
693
0
0
47
595
208
860
0
0
0
0
0
0
531
0
0
0
0
0
0
339
0
0
335
0
888
0
0
165
0
703
0
489
0
0
0
802
311
0
602
0
0
0
326
764
0
406
329
772
723
610
633
0
0
129
0
146
365
792
141
279
0
818
0
685
851
0
328
590
0
0
0
104
295
539
0
0
0
473
0
0
0
0
289
0
847
0
546
853
212
0
518
618
33
0
0
937
0
306
299
0
239
411
0
429
849
0
0
310
554
0
305
0
