0
0
0
378
86
0
551
458
0
386
459
306
111
191
502
0
579
0
656
0
493
151
390
0
0
0
0
595
393
0
177
132
282
0
0
0
518
0
0
106
0
0
512
142
528
620
0
0
97
136
0
232
0
0
0
499
0
0
549
0
0
0
0
334
215
0
95
124
730
0
0
633
110
172
407
111
15
0
0
236
374
0
614
21
0
0
0
0
403
675
0
541
612
0
389
0
596
0
0
109
687
490
0
0
0
0
187
632
181
54
23
220
215
0
113
206
287
441
342
23
0
0
0
273
0
0
0
0
205
0
0
488
569
0
0
0
0
321
257
0
351
0
0
688
0
0
696
0
24
0
0
0
327
0
49
636
207
0
73
0
0
571
0
0
0
208
0
0
0
0
89
673
449
0
220
371
359
0
0
339
244
417
101
0
6
348
714
0
0
0
0
242
0
0
0
571
0
544
0
389
0
335
587
0
0
0
0
0
594
431
337
0
0
0
119
0
360
406
409
402
0
0
0
194
255
0
568
356
650
654
392
0
0
455
258
0
0
0
575
0
0
458
697
0
542
276
561
0
505
700
270
426
0
96
199
0
110
523
0
0
573
204
533
0
344
0
0
0
0
468
520
382
403
337
508
0
567
612
0
0
625
627
432
0
410
199
567
706
0
0
0
0
558
634
0
0
603
0
0
0
0
0
0
512
100
509
105
486
227
0
231
0
0
0
0
0
0
455
0
0
0
0
113
436
0
654
410
629
161
0
0
0
0
0
104
0
0
408
0
313
0
0
7
190
355
404
0
0
0
460
0
651
0
557
0
700
0
0
161
318
61
0
618
296
86
640
678
513
0
0
150
0
0
0
0
0
0
0
100
458
0
568
0
496
569
0
141
0
0
0
446
0
0
409
206
122
736
0
718
267
0
0
218
291
158
