539744676
13022944388
388657696
8429862699
5031942470
1920297217
12147692228
18601467004
1221760695
4050972318
9713148109
5539001273
7816299674
9057258706
14798564776
15709817857
16629790169
17608562493
4050972318
7816299674
3587416583
17608562493
8429862699
9057258706
8429862699
9713148109
2308345991
1221760695
245354737
13899363828
1920297217
3137868905
4050972318
17608562493
8429862699
33688655
539744676
4050972318
951843516
5031942470
33688655
10448102552
1542259463
2308345991
13022944388
5539001273
103149513
3587416583
103149513
951843516
3587416583
5539001273
4050972318
1542259463
9713148109
17608562493
16629790169
6084877892
1542259463
9713148109
7209221739
33688655
18601467004
3137868905
14798564776
6642000988
17608562493
11287389535
7209221739
5539001273
711026999
6642000988
539744676
13022944388
7209221739
13022944388
5539001273
8429862699
711026999
8429862699
6642000988
15709817857
7209221739
388657696
18601467004
103149513
539744676
5031942470
245354737
14798564776
539744676
15709817857
17608562493
4539096782
17608562493
11287389535
9713148109
16629790169
7209221739
13022944388
6084877892
11287389535
388657696
16629790169
13899363828
19600950678
4050972318
7816299674
388657696
9057258706
9713148109
388657696
14798564776
4539096782
103149513
539744676
11287389535
1920297217
9713148109
1542259463
2710456710
9713148109
6084877892
388657696
7209221739
13899363828
13899363828
5539001273
5539001273
15709817857
15709817857
6642000988
9057258706
8429862699
15709817857
951843516
951843516
15709817857
1542259463
13899363828
539744676
3587416583
5031942470
103149513
18601467004
5539001273
4539096782
951843516
5031942470
7816299674
7816299674
388657696
245354737
1920297217
11287389535
2710456710
2710456710
2308345991
10448102552
4050972318
245354737
18601467004
6642000988
13899363828
3587416583
3587416583
2710456710
11287389535
539744676
10448102552
16629790169
3137868905
16629790169
1221760695
18601467004
3587416583
12147692228
6084877892
2710456710
1920297217
16629790169
13022944388
15709817857
15709817857
4050972318
33688655
711026999
14798564776
6642000988
6642000988
3587416583
2710456710
12147692228
17608562493
388657696
13899363828
4539096782
7816299674
245354737
2308345991
12147692228
103149513
4050972318
3587416583
245354737
1221760695
9057258706
16629790169
5539001273
9057258706
3587416583
6642000988
2710456710
711026999
9057258706
9057258706
1542259463
5539001273
539744676
103149513
6642000988
10448102552
6084877892
951843516
9713148109
5539001273
9713148109
388657696
711026999
6084877892
10448102552
13022944388
17608562493
19600950678
15709817857
16629790169
103149513
6642000988
18601467004
9713148109
6084877892
7816299674
7209221739
7816299674
7209221739
3137868905
388657696
1221760695
9713148109
5539001273
8429862699
4050972318
15709817857
33688655
5539001273
17608562493
4050972318
7816299674
5539001273
5031942470
12147692228
16629790169
12147692228
10448102552
19600950678
7209221739
12147692228
7816299674
11287389535
11287389535
6642000988
13022944388
12147692228
10448102552
14798564776
19600950678
5539001273
7816299674
12147692228
388657696
5031942470
12147692228
1221760695
5031942470
17608562493
16629790169
4539096782
4050972318
388657696
3587416583
8429862699
13022944388
33688655
1542259463
1542259463
7816299674
10448102552
8429862699
1542259463
245354737
5031942470
951843516
10448102552
3137868905
3587416583
19600950678
8429862699
13022944388
711026999
18601467004
7209221739
16629790169
14798564776
17608562493
103149513
2710456710
5031942470
103149513
19600950678
539744676
245354737
3587416583
19600950678
9713148109
4050972318
17608562493
4539096782
4050972318
12147692228
6084877892
8429862699
10448102552
103149513
4050972318
11287389535
19600950678
13899363828
15709817857
1542259463
2308345991
18601467004
245354737
9713148109
103149513
3137868905
