26559796232
7539019
12723446078
22633105370
12723446078
1084681718
9274176502
3245974490
743574366
8375875904
373062852
198667234
1541251941
4284371992
10200382420
17318258254
1541251941
281712138
14320540420
13781270951
1806030877
19860968089
11183942171
2641931708
2641931708
33789754146
5824674468
198667234
25730553175
12735267
19220997679
474492057
281712138
13781270951
57111620
26559796232
24107007914
12735267
32842412086
22633105370
5431507979
30075289698
16701786860
474492057
7050106678
5039526938
12204335556
6223698266
11691839506
9734662663
6223698266
2943557683
22633105370
116648918
9734662663
1806030877
597004328
9734662663
6627112623
9274176502
28259314294
24107007914
893737563
17948945347
26559796232
20520961424
19860968089
6627112623
15491419754
12723446078
9734662663
4655754172
19860968089
22633105370
57111620
7926885020
24904852541
12204335556
7539019
23364146245
4655754172
57111620
893737563
3245974490
6627112623
30994084428
9734662663
2073179855
11691839506
1541251941
21910557922
19220997679
33789754146
20520961424
9274176502
5824674468
8375875904
3550673453
10684797711
2943557683
893737563
13248890345
28259314294
5039526938
8375875904
30075289698
21910557922
10200382420
373062852
2356612283
19860968089
28259314294
3550673453
10684797711
4284371992
17948945347
16094085235
12204335556
31915449540
26559796232
7478899623
16094085235
32842412086
6223698266
2641931708
8824929382
13248890345
597004328
11691839506
4655754172
4284371992
22633105370
5039526938
4655754172
28259314294
24904852541
7478899623
3917427737
12204335556
198667234
30994084428
3550673453
26559796232
24904852541
24107007914
198667234
281712138
23364146245
1292377143
597004328
893737563
10684797711
7050106678
743574366
9274176502
281712138
3550673453
20520961424
893737563
5824674468
2943557683
24107007914
7478899623
27399391136
10684797711
8375875904
2356612283
57111620
2073179855
9274176502
11183942171
7478899623
373062852
9734662663
281712138
1292377143
12735267
3245974490
198667234
21910557922
30994084428
3245974490
15491419754
7539019
19220997679
7478899623
5039526938
281712138
5039526938
2641931708
281712138
6223698266
9734662663
2356612283
2073179855
10684797711
14320540420
2073179855
13781270951
16094085235
9734662663
1806030877
23364146245
116648918
6223698266
373062852
18582219743
24904852541
6223698266
21202891190
16701786860
6627112623
21202891190
17318258254
24107007914
30075289698
26559796232
10684797711
7050106678
3245974490
25730553175
5039526938
7478899623
30075289698
1084681718
11183942171
32842412086
30994084428
2965150
281712138
893737563
29156827297
6627112623
13248890345
2356612283
16701786860
14320540420
20520961424
9274176502
21910557922
14893449522
21202891190
27399391136
24107007914
1541251941
27399391136
11691839506
9734662663
29156827297
7926885020
893737563
597004328
474492057
7926885020
116648918
23364146245
9734662663
5824674468
1541251941
17318258254
24904852541
33789754146
3917427737
2073179855
3245974490
13781270951
9734662663
6627112623
12723446078
3917427737
3917427737
11183942171
8824929382
2073179855
474492057
281712138
373062852
3550673453
18582219743
2641931708
24904852541
8824929382
597004328
4284371992
17318258254
16701786860
1084681718
1084681718
33789754146
22633105370
19860968089
597004328
4655754172
4284371992
12735267
474492057
20520961424
3245974490
743574366
20520961424
6223698266
11183942171
8824929382
3917427737
17318258254
4284371992
4284371992
29156827297
12723446078
7539019
3245974490
2943557683
12735267
29156827297
1806030877
28259314294
19860968089
21910557922
5431507979
597004328
10684797711
4655754172
3245974490
10200382420
597004328
25730553175
33789754146
26559796232
19220997679
474492057
11691839506
198667234
19860968089
14893449522
2641931708
16701786860
5039526938
21202891190
373062852
11691839506
16701786860
32842412086
21910557922
9734662663
14893449522
12723446078
8375875904
7539019
198667234
14893449522
24904852541
3917427737
33789754146
24107007914
18582219743
18582219743
21910557922
30075289698
24107007914
12723446078
474492057
7539019
3550673453
16701786860
27399391136
11183942171
30075289698
12204335556
1084681718
15491419754
24107007914
24904852541
21910557922
16701786860
7478899623
9734662663
32842412086
4284371992
4655754172
32842412086
9274176502
17318258254
24107007914
20520961424
6223698266
5431507979
15491419754
17318258254
21910557922
17948945347
8375875904
1806030877
2641931708
4655754172
1292377143
24107007914
4284371992
2073179855
10684797711
8824929382
24904852541
743574366
1084681718
1292377143
14893449522
32842412086
5039526938
30075289698
4284371992
57111620
26559796232
11691839506
1292377143
3550673453
7926885020
31915449540
893737563
5824674468
