49272306877
9998179036
3159368405
8158913412
38076040768
56107280623
197529631
45425014627
7721338992
17422195836
41672403832
43526905910
41672403832
19434022148
43526905910
13669768464
32055447078
9054834854
13669768464
19434022148
8158913412
10477327884
42592975747
3159368405
42592975747
11464264318
50239302316
25845521117
22233193400
36305942666
9519898165
45425014627
45425014627
2382144797
300313714
13669768464
11464264318
1402514001
4643948574
28841520677
55123403555
436279983
5692381152
197529631
56107280623
3718490186
32864700787
20823642512
197529631
44471069602
33693014604
48306424808
2639817457
22233193400
24378257138
29638371611
48306424808
19434022148
17422195836
6465739307
16770165678
29638371611
11464264318
1182228474
787863010
14261287019
32864700787
32055447078
3437478865
603928215
22233193400
2382144797
3159368405
5312054207
17422195836
30442171334
16138737326
22233193400
36305942666
13083837524
44471069602
51208516483
22233193400
3718490186
15511311848
300313714
19434022148
12523788661
13669768464
39856239401
4643948574
44471069602
977950929
10968923081
300313714
18075052059
32864700787
8605139116
17422195836
14355333
52179334290
43526905910
8605139116
33693014604
37190482422
18075052059
22946842945
44471069602
8605139116
4316934900
45425014627
47342520886
5312054207
45425014627
13669768464
5312054207
14884424265
7291645717
4316934900
2125282183
34558203946
30442171334
9054834854
14355333
1182228474
787863010
20823642512
46382252104
3159368405
11964466714
13083837524
38076040768
2899039339
5312054207
28087249598
16770165678
38076040768
23660517837
8605139116
787863010
14261287019
38961889294
32864700787
55123403555
18753010194
13669768464
53157842031
13083837524
40753611475
23660517837
12523788661
9998179036
4974471473
977950929
40753611475
14261287019
55123403555
3437478865
12523788661
54139736563
47342520886
48306424808
43526905910
197529631
24378257138
436279983
4974471473
1182228474
1402514001
32055447078
603928215
3159368405
16770165678
603928215
43526905910
115462505
7721338992
17422195836
2382144797
49272306877
