29670904091
7557403080
3586939100
23670336454
23670336454
10541557434
1081137931
22039520849
2338824543
7989860088
2546556320
14065448226
16725312646
937257692
20451109634
34255384950
13442595231
12235970033
2764221884
37132547673
4856368566
797795937
53888770
26197084877
2146716914
797795937
29670904091
11660857401
14065448226
16725312646
17448530851
3881856931
5207371960
7557403080
32386202401
9480990040
22039520849
3881856931
16725312646
153042904
3586939100
31479806311
3300735056
672699979
7557403080
39076780182
40065677092
1884065
11660857401
15340454769
8466676615
5568518702
29670904091
24504252059
16725312646
22039520849
34255384950
18912960497
2764221884
29670904091
1081137931
27055950969
4188654706
12820523575
38096767725
22845942700
4506062745
9996547554
13442595231
8466676615
5568518702
425556949
548464093
18912960497
1770365453
797795937
672699979
319570143
37132547673
27917374730
2146716914
4506062745
21244039528
2146716914
14699459460
34255384950
30575017443
35207560272
672699979
548464093
20451109634
21244039528
2338824543
27917374730
24504252059
10541557434
1246036369
37132547673
23670336454
27055950969
9996547554
1081137931
1884065
37132547673
15340454769
23670336454
1246036369
29670904091
18178904889
18178904889
8466676615
153042904
797795937
2338824543
15340454769
29670904091
20451109634
10541557434
3586939100
2764221884
2338824543
2338824543
937257692
5568518702
39076780182
21244039528
38096767725
7989860088
1770365453
2764221884
5207371960
1246036369
3586939100
153042904
5568518702
6309186930
19680831408
38096767725
11660857401
6309186930
11660857401
32386202401
21244039528
27917374730
5207371960
2338824543
12235970033
34255384950
31479806311
3586939100
14651292
23670336454
319570143
11660857401
3027793648
4188654706
1081137931
33320209998
5207371960
24504252059
34255384950
3027793648
103406005
23670336454
4856368566
1770365453
1081137931
1956826919
36168929835
7989860088
9996547554
5930032870
937257692
3881856931
27055950969
1418442444
425556949
319570143
17448530851
8466676615
21244039528
11660857401
31479806311
797795937
4856368566
32386202401
3300735056
153042904
29670904091
5930032870
1956826919
40065677092
27055950969
12235970033
18912960497
20451109634
6719438480
38096767725
1770365453
53888770
103406005
19680831408
937257692
3300735056
8466676615
2764221884
548464093
16010480103
797795937
9480990040
22845942700
11660857401
3881856931
32386202401
26197084877
4856368566
1592105860
40065677092
937257692
14065448226
548464093
8466676615
1081137931
12235970033
1246036369
672699979
30575017443
319570143
39076780182
1884065
27055950969
3586939100
29670904091
12820523575
5930032870
28788063660
548464093
6309186930
30575017443
22845942700
15340454769
319570143
5207371960
25349843806
7132804211
53888770
937257692
4506062745
4506062745
13442595231
2338824543
4856368566
8466676615
10541557434
28788063660
7132804211
2764221884
39076780182
2338824543
425556949
31479806311
797795937
11096317133
25349843806
2546556320
28788063660
11096317133
22845942700
22845942700
3586939100
16010480103
1956826919
34255384950
33320209998
27917374730
18912960497
11096317133
215850845
13442595231
937257692
32386202401
103406005
33320209998
1956826919
30575017443
33320209998
14651292
7989860088
3300735056
14065448226
29670904091
2338824543
153042904
24504252059
7989860088
16010480103
12235970033
36168929835
8970809687
25349843806
20451109634
1956826919
1418442444
3027793648
28788063660
26197084877
5930032870
7989860088
24504252059
38096767725
1246036369
16010480103
29670904091
27917374730
29670904091
34255384950
9996547554
21244039528
14065448226
40065677092
26197084877
38096767725
3300735056
215850845
7557403080
38096767725
33320209998
25349843806
28788063660
14699459460
30575017443
1418442444
7557403080
11096317133
20451109634
20451109634
1884065
38096767725
37132547673
319570143
35207560272
11096317133
6309186930
36168929835
22039520849
937257692
26197084877
425556949
1884065
15340454769
34255384950
319570143
34255384950
18178904889
6309186930
672699979
797795937
14065448226
5207371960
21244039528
33320209998
1418442444
29670904091
12235970033
14065448226
4188654706
17448530851
37132547673
26197084877
3027793648
22845942700
26197084877
548464093
672699979
7132804211
40065677092
103406005
24504252059
21244039528
15340454769
14065448226
215850845
7132804211
38096767725
40065677092
1592105860
26197084877
153042904
12820523575
1956826919
7557403080
5930032870
2546556320
8466676615
14699459460
7989860088
13442595231
21244039528
6719438480
40065677092
15340454769
9480990040
11096317133
39076780182
10541557434
40065677092
14699459460
6309186930
3300735056
5207371960
14699459460
5568518702
4506062745
153042904
7557403080
3586939100
3881856931
37132547673
32386202401
319570143
16010480103
17448530851
1770365453
18912960497
40065677092
1081137931
31479806311
4506062745
2546556320
14065448226
1770365453
7132804211
25349843806
12235970033
2764221884
28788063660
8970809687
28788063660
7557403080
797795937
31479806311
20451109634
16725312646
5207371960
11096317133
937257692
1770365453
1246036369
12235970033
8466676615
2338824543
10541557434
8466676615
17448530851
4506062745
103406005
7132804211
9996547554
16725312646
4856368566
1081137931
34255384950
11096317133
14651292
33320209998
34255384950
23670336454
22039520849
3027793648
3027793648
36168929835
32386202401
16725312646
39076780182
27055950969
4506062745
14065448226
12820523575
4856368566
33320209998
22039520849
6719438480
3586939100
11096317133
1246036369
5930032870
34255384950
17448530851
19680831408
32386202401
937257692
153042904
1081137931
9480990040
1770365453
14699459460
16725312646
1884065
40065677092
27055950969
12235970033
11096317133
6719438480
39076780182
18178904889
12820523575
2546556320
34255384950
13442595231
25349843806
17448530851
31479806311
1592105860
153042904
6719438480
11096317133
28788063660
22845942700
30575017443
215850845
53888770
13442595231
7557403080
35207560272
27917374730
4506062745
103406005
28788063660
7989860088
13442595231
14651292
7557403080
1592105860
20451109634
27055950969
12235970033
28788063660
1246036369
34255384950
16010480103
548464093
1418442444
215850845
25349843806
13442595231
1418442444
20451109634
3586939100
9480990040
31479806311
9480990040
1884065
37132547673
797795937
1956826919
40065677092
8970809687
13442595231
5568518702
1956826919
53888770
103406005
16725312646
37132547673
38096767725
10541557434
937257692
34255384950
1884065
1418442444
4856368566
20451109634
39076780182
35207560272
797795937
4506062745
31479806311
9996547554
21244039528
36168929835
