52527846074
3279626763
17447131327
30447417197
45607724371
27338131895
2558034395
12753739558
2207432557
38082809419
21433408476
38996486973
750632468
985142253
24347059650
39918340227
29645609449
3564346212
50541324304
636623554
6638929240
33744921303
25831032472
36297130915
12753739558
13863389748
11198603183
25088834494
3016494755
2779151432
18718603832
14441537518
32910032801
7922671102
8822731430
3849744169
18068413348
28102958509
2042634781
4816963569
16223343530
41780339394
21433408476
22875471943
33744921303
25088834494
6638929240
52527846074
6243103570
2779151432
18068413348
39918340227
246535098
985142253
100712756
636623554
4816963569
4146165382
750632468
331789353
10720904467
16829766060
8822731430
11198603183
1410017937
5160711073
636623554
867333134
14441537518
47108829
15624285558
8822731430
5875680866
15624285558
1263799097
53525150850
246535098
1119082611
27338131895
2779151432
7485367496
25831032472
18068413348
42716705911
1880094282
40844428477
100712756
13863389748
38082809419
2207432557
1263799097
25088834494
3564346212
18718603832
48564222537
7485367496
26574915771
27338131895
43671150431
47576796255
7060787907
1410017937
10245401470
10720904467
4477442725
42716705911
2207432557
1719828917
4146165382
9296256518
13863389748
6243103570
50541324304
39918340227
16223343530
1263799097
33744921303
750632468
32083827666
7485367496
1880094282
6243103570
51533001397
16223343530
7060787907
38082809419
9770089849
2381424699
42716705911
35440629604
9296256518
7485367496
7060787907
100712756
32083827666
17447131327
4477442725
1719828917
6243103570
47108829
39918340227
7922671102
2558034395
8822731430
26574915771
7922671102
12753739558
54523028081
54523028081
21433408476
9770089849
10720904467
16223343530
1263799097
246535098
8822731430
9296256518
9296256518
14441537518
48564222537
45607724371
43671150431
430067495
12204784570
18068413348
34591057397
1719828917
24347059650
8822731430
20047834101
18156381
12204784570
8367572386
53525150850
41780339394
20047834101
18718603832
532489976
5510566793
45607724371
2779151432
2207432557
13307272974
11198603183
4477442725
19380040225
12204784570
39918340227
168944762
54523028081
2042634781
52527846074
39918340227
18068413348
10245401470
4477442725
27338131895
28102958509
38996486973
6243103570
44638472579
52527846074
47108829
2779151432
23610325106
31265478230
7922671102
8822731430
33744921303
13863389748
12753739558
44638472579
1119082611
38082809419
8822731430
38082809419
7922671102
5875680866
26574915771
47108829
2558034395
1880094282
28102958509
39918340227
47108829
7922671102
4816963569
4146165382
15624285558
17447131327
532489976
27338131895
31265478230
32083827666
37176352028
3016494755
11685236496
11685236496
41780339394
17447131327
29645609449
47576796255
37176352028
2042634781
15028750152
22151407774
100712756
12204784570
7922671102
45607724371
49551713517
18068413348
985142253
12204784570
9296256518
2207432557
29645609449
1561471299
1410017937
750632468
4146165382
168944762
19380040225
1880094282
12753739558
532489976
16223343530
4816963569
45607724371
2207432557
1263799097
5160711073
2558034395
39918340227
11198603183
4816963569
35440629604
27338131895
33744921303
2779151432
16223343530
19380040225
22151407774
5875680866
27338131895
47576796255
11685236496
532489976
36297130915
16223343530
100712756
18156381
54523028081
35440629604
42716705911
3564346212
12204784570
8822731430
34591057397
18156381
8367572386
4146165382
25831032472
15624285558
750632468
8367572386
331789353
15624285558
42716705911
3849744169
37176352028
246535098
42716705911
33744921303
2779151432
54523028081
27338131895
636623554
23610325106
23610325106
10720904467
2381424699
1880094282
23610325106
28868111419
7922671102
10720904467
5875680866
20047834101
15624285558
246535098
19380040225
10245401470
1263799097
10245401470
750632468
2558034395
54523028081
2381424699
10245401470
7060787907
35440629604
11685236496
39918340227
3279626763
29645609449
34591057397
33744921303
49551713517
4816963569
3016494755
23610325106
37176352028
8822731430
28868111419
8822731430
45607724371
5875680866
18068413348
47108829
38996486973
26574915771
15624285558
9770089849
29645609449
532489976
25831032472
12204784570
10245401470
45607724371
9770089849
11685236496
16223343530
26574915771
3564346212
3016494755
16829766060
53525150850
34591057397
34591057397
8822731430
17447131327
21433408476
26574915771
17447131327
50541324304
38082809419
5160711073
22151407774
13307272974
5510566793
2207432557
46589790238
3279626763
12204784570
867333134
11198603183
14441537518
750632468
41780339394
5160711073
46589790238
30447417197
49551713517
32910032801
8367572386
16829766060
1263799097
49551713517
26574915771
2558034395
22875471943
48564222537
51533001397
168944762
49551713517
246535098
31265478230
3279626763
750632468
2381424699
47576796255
47108829
20047834101
34591057397
46589790238
12204784570
36297130915
18156381
47108829
12204784570
100712756
168944762
48564222537
2042634781
25831032472
24347059650
12753739558
7922671102
2558034395
14441537518
11685236496
11198603183
25831032472
8822731430
18156381
11198603183
5875680866
46589790238
14441537518
2558034395
53525150850
7485367496
10720904467
5875680866
52527846074
331789353
11198603183
13863389748
33744921303
30447417197
13863389748
42716705911
32083827666
1410017937
37176352028
6243103570
15028750152
40844428477
45607724371
32910032801
9770089849
13863389748
10245401470
18068413348
18068413348
25831032472
27338131895
3016494755
15028750152
51533001397
3279626763
48564222537
7485367496
750632468
49551713517
4477442725
246535098
2042634781
4477442725
41780339394
49551713517
1263799097
14441537518
32083827666
13307272974
1410017937
2558034395
14441537518
2558034395
47576796255
2779151432
15624285558
16829766060
4816963569
14441537518
5160711073
25088834494
2207432557
1561471299
51533001397
5875680866
985142253
24347059650
25088834494
6638929240
31265478230
18718603832
49551713517
750632468
7922671102
6638929240
35440629604
18156381
9296256518
1561471299
1719828917
3016494755
28102958509
2381424699
53525150850
246535098
430067495
2207432557
46589790238
7922671102
9770089849
17447131327
6638929240
10245401470
2207432557
100712756
18068413348
18718603832
45607724371
6243103570
1719828917
9770089849
20737473393
22875471943
8822731430
41780339394
25831032472
100712756
48564222537
4477442725
532489976
7485367496
28868111419
22875471943
1410017937
41780339394
28102958509
11198603183
6243103570
41780339394
7060787907
52527846074
15028750152
750632468
39918340227
3016494755
6638929240
23610325106
20737473393
10245401470
15028750152
37176352028
12204784570
47576796255
5875680866
53525150850
13863389748
22151407774
6638929240
9296256518
32083827666
16223343530
867333134
2042634781
47576796255
1880094282
32910032801
5875680866
12204784570
1119082611
34591057397
19380040225
21433408476
48564222537
17447131327
52527846074
24347059650
8822731430
29645609449
636623554
3849744169
100712756
2207432557
30447417197
1561471299
3564346212
5510566793
25088834494
11685236496
45607724371
32083827666
636623554
1880094282
1561471299
3849744169
42716705911
22151407774
7060787907
168944762
532489976
11685236496
13863389748
20047834101
19380040225
331789353
3279626763
7485367496
7922671102
4477442725
1410017937
4146165382
13307272974
49551713517
38082809419
32910032801
750632468
3279626763
1880094282
6638929240
1410017937
16223343530
28102958509
10720904467
1880094282
28102958509
1719828917
430067495
12753739558
11685236496
37176352028
4477442725
38996486973
985142253
50541324304
4477442725
13863389748
19380040225
9296256518
246535098
6243103570
9770089849
10720904467
54523028081
17447131327
3016494755
43671150431
1880094282
36297130915
430067495
28102958509
53525150850
23610325106
25088834494
100712756
4816963569
532489976
11198603183
20737473393
1263799097
45607724371
44638472579
45607724371
246535098
750632468
4146165382
52527846074
2381424699
28868111419
47108829
25831032472
7485367496
15624285558
28868111419
1561471299
16223343530
2207432557
37176352028
9770089849
1880094282
21433408476
32083827666
168944762
532489976
38082809419
2042634781
49551713517
2042634781
5160711073
38082809419
41780339394
13863389748
15624285558
15624285558
18718603832
47108829
30447417197
532489976
5875680866
32083827666
52527846074
50541324304
1410017937
8367572386
24347059650
28102958509
45607724371
35440629604
40844428477
45607724371
40844428477
6243103570
41780339394
26574915771
1410017937
44638472579
1410017937
6243103570
867333134
532489976
4816963569
8822731430
27338131895
100712756
5160711073
7060787907
430067495
11685236496
53525150850
25088834494
29645609449
18718603832
18068413348
11685236496
750632468
7485367496
38082809419
430067495
19380040225
15624285558
26574915771
867333134
15624285558
22875471943
54523028081
28868111419
32910032801
11685236496
3279626763
17447131327
13863389748
4146165382
1410017937
32910032801
10245401470
4477442725
6243103570
1561471299
1561471299
867333134
53525150850
46589790238
42716705911
33744921303
51533001397
48564222537
39918340227
8822731430
1719828917
18068413348
49551713517
20047834101
2779151432
8367572386
2558034395
30447417197
1880094282
2558034395
25831032472
1410017937
48564222537
39918340227
31265478230
46589790238
32083827666
11198603183
33744921303
21433408476
985142253
21433408476
51533001397
37176352028
16829766060
5510566793
53525150850
3849744169
3849744169
14441537518
9770089849
18718603832
42716705911
2558034395
25831032472
11198603183
46589790238
21433408476
49551713517
7060787907
1119082611
32910032801
18156381
16829766060
11685236496
46589790238
15624285558
12204784570
16829766060
33744921303
18718603832
8367572386
636623554
2779151432
9296256518
2558034395
28868111419
36297130915
25088834494
46589790238
985142253
10720904467
3564346212
168944762
54523028081
985142253
750632468
9296256518
5875680866
15028750152
750632468
12204784570
36297130915
33744921303
2779151432
3849744169
12204784570
20047834101
20047834101
1119082611
25831032472
22151407774
532489976
54523028081
1561471299
45607724371
35440629604
52527846074
18068413348
7922671102
49551713517
1719828917
1263799097
32910032801
7922671102
12753739558
27338131895
25088834494
2207432557
867333134
8822731430
2779151432
49551713517
20737473393
38996486973
24347059650
31265478230
3279626763
13307272974
16829766060
50541324304
32910032801
246535098
22875471943
12753739558
13863389748
3279626763
23610325106
31265478230
47576796255
34591057397
18156381
41780339394
10245401470
46589790238
35440629604
4477442725
2207432557
3279626763
2381424699
3564346212
5875680866
9770089849
3564346212
4477442725
27338131895
2779151432
28868111419
10245401470
16829766060
42716705911
25831032472
4146165382
1263799097
6638929240
7485367496
47108829
27338131895
8822731430
18156381
10720904467
10245401470
28868111419
27338131895
33744921303
54523028081
15624285558
3016494755
51533001397
2207432557
33744921303
4146165382
8822731430
47108829
2558034395
2779151432
10720904467
41780339394
18068413348
32910032801
18068413348
50541324304
7060787907
47576796255
25088834494
43671150431
7060787907
5160711073
4816963569
4816963569
44638472579
532489976
45607724371
7060787907
246535098
38996486973
40844428477
42716705911
48564222537
10720904467
3849744169
16829766060
50541324304
13863389748
31265478230
6243103570
15028750152
54523028081
4477442725
16829766060
41780339394
6638929240
6638929240
42716705911
15624285558
37176352028
750632468
