49860550205
77895008
39492177697
20202563625
11444054081
17028580634
1705735719
5228453833
20202563625
35976673108
9553426045
10021383380
19528905200
2556483078
16416224331
1123427605
29389231890
46963708719
5908179568
1551310863
24304354974
16416224331
34252873292
20202563625
3395860401
35114385378
37721006258
6261909950
2205384286
854722964
47923310525
10493086411
6261909950
35976673108
3881176612
134248787
3158496293
49860550205
44113473000
20202563625
15811806518
854722964
11444054081
18892197037
27150322610
34252873292
603009496
2556483078
20202563625
195841743
2740304660
1123427605
7022710205
33400177506
27883326774
3395860401
17643525836
48891793866
2556483078
33400177506
44113473000
195841743
603009496
7022710205
10965023339
4125624336
46009466459
7022710205
3395860401
5559325068
39492177697
27883326774
3881176612
4125624336
26425837537
286408610
38606559088
728111835
48891793866
41309316799
4125624336
286408610
2556483078
5908179568
19528905200
2378955485
14066219924
5228453833
4373024033
6261909950
35976673108
48891793866
4373024033
26425837537
14639139994
3881176612
11929337701
11444054081
2740304660
7809902485
15811806518
15811806518
13522452029
7414760911
42242617004
7414760911
2378955485
9553426045
18892197037
1705735719
36845499184
4125624336
603009496
378100815
12448441188
3395860401
27883326774
42242617004
47923310525
9553426045
3881176612
11929337701
195841743
24997394654
2378955485
14639139994
45059537484
45059537484
1260309070
20877582735
30947021888
14066219924
43177278109
4373024033
35114385378
195841743
11444054081
35976673108
18892197037
39492177697
10965023339
18892197037
11444054081
1402504645
13522452029
3637577633
14639139994
378100815
18263441558
45059537484
7809902485
21556966054
7022710205
6638121525
15811806518
2378955485
2032252914
23614539284
38606559088
3395860401
7414760911
488371731
46009466459
728111835
2205384286
47923310525
2205384286
10021383380
26425837537
47923310525
13242243
42242617004
22926830809
728111835
2205384286
16416224331
18892197037
15811806518
728111835
32559714095
49860550205
286408610
49860550205
37721006258
19528905200
30154008692
195841743
46009466459
728111835
35976673108
854722964
38606559088
1260309070
11444054081
3395860401
46963708719
45059537484
22926830809
3158496293
26425837537
3637577633
22241424473
9553426045
2740304660
31746743096
13522452029
15811806518
12448441188
13522452029
16416224331
3881176612
28628784410
22241424473
7022710205
12448441188
44113473000
10965023339
195841743
20877582735
35114385378
5228453833
22926830809
26425837537
12982677971
20877582735
25702538202
6638121525
1402504645
4633639150
25702538202
20202563625
27150322610
488371731
5908179568
3637577633
1551310863
39492177697
14066219924
11444054081
2032252914
10965023339
27150322610
4633639150
42242617004
13522452029
728111835
29259988
36845499184
6638121525
24304354974
41309316799
6638121525
603009496
35114385378
14066219924
8230650055
18263441558
4925446206
16416224331
21556966054
35114385378
19528905200
22926830809
16416224331
30947021888
31746743096
488371731
24304354974
29389231890
22241424473
29389231890
1260309070
378100815
3881176612
31746743096
17028580634
17643525836
1865171530
30947021888
5908179568
3158496293
6261909950
2556483078
32559714095
44113473000
23614539284
31746743096
3881176612
16416224331
18892197037
11929337701
286408610
20877582735
378100815
8230650055
3881176612
40395268228
2936828659
36845499184
35114385378
23614539284
3395860401
2740304660
25702538202
37721006258
134248787
26425837537
4125624336
48891793866
33400177506
17028580634
13242243
15223385178
15223385178
24997394654
9553426045
24304354974
1865171530
29389231890
15223385178
988665199
39492177697
45499905
5559325068
34252873292
15811806518
77895008
46009466459
195841743
38606559088
20877582735
134248787
20877582735
21556966054
4633639150
9102246298
14639139994
25702538202
3881176612
12982677971
45499905
2740304660
35114385378
29389231890
23614539284
5228453833
23614539284
35976673108
18263441558
26425837537
39492177697
1402504645
1865171530
8661958982
33400177506
13242243
44113473000
20877582735
33400177506
1865171530
2205384286
29389231890
77895008
2378955485
48891793866
46963708719
30947021888
13522452029
32559714095
46009466459
5908179568
3881176612
1260309070
2936828659
44113473000
14066219924
3881176612
39492177697
15223385178
2936828659
45059537484
16416224331
35114385378
3395860401
3158496293
32559714095
14639139994
4925446206
45059537484
2936828659
17028580634
134248787
17643525836
31746743096
31746743096
24997394654
17028580634
988665199
4125624336
12982677971
46009466459
11929337701
988665199
1260309070
33400177506
25702538202
23614539284
38606559088
49860550205
988665199
7022710205
17028580634
5559325068
30947021888
6261909950
1123427605
17028580634
3637577633
5559325068
286408610
2032252914
13242243
40395268228
22926830809
6261909950
12982677971
77895008
2032252914
3395860401
20202563625
25702538202
2205384286
2205384286
134248787
35976673108
7022710205
22241424473
18892197037
24997394654
24997394654
10493086411
6638121525
35114385378
3637577633
30947021888
4125624336
3395860401
29259988
2032252914
9102246298
13522452029
47923310525
6638121525
2936828659
728111835
77895008
17643525836
3637577633
22241424473
12982677971
17643525836
8230650055
24304354974
5559325068
4925446206
15223385178
31746743096
1865171530
17643525836
1551310863
2556483078
2936828659
7022710205
36845499184
10965023339
39492177697
2032252914
5228453833
378100815
11929337701
45059537484
26425837537
25702538202
488371731
15811806518
6638121525
11444054081
38606559088
35976673108
34252873292
3881176612
11444054081
24997394654
24997394654
27150322610
16416224331
488371731
15811806518
31746743096
12982677971
3637577633
46009466459
22926830809
5559325068
5908179568
13242243
34252873292
5908179568
21556966054
35976673108
14639139994
1260309070
24997394654
7414760911
19528905200
3158496293
23614539284
11929337701
14066219924
4373024033
8661958982
39492177697
24997394654
10965023339
1705735719
40395268228
29389231890
48891793866
2205384286
17643525836
40395268228
1705735719
24304354974
47923310525
21556966054
27150322610
43177278109
39492177697
18263441558
6261909950
5559325068
9553426045
24997394654
35976673108
30947021888
8230650055
2936828659
46009466459
3395860401
286408610
14066219924
23614539284
134248787
195841743
49860550205
29389231890
854722964
17028580634
23614539284
28628784410
29259988
12982677971
2032252914
47923310525
2032252914
3637577633
3158496293
17643525836
18263441558
30154008692
15223385178
41309316799
41309316799
25702538202
46009466459
42242617004
30947021888
32559714095
7022710205
29259988
286408610
24997394654
26425837537
4925446206
14066219924
40395268228
5559325068
15811806518
35976673108
14066219924
4633639150
1551310863
19528905200
4925446206
3637577633
8230650055
488371731
32559714095
11929337701
9102246298
43177278109
35976673108
728111835
36845499184
28628784410
14639139994
30947021888
24997394654
14639139994
12982677971
27150322610
10965023339
23614539284
32559714095
1402504645
38606559088
46009466459
854722964
4633639150
20202563625
13242243
2205384286
1705735719
46963708719
1123427605
33400177506
1123427605
7809902485
11444054081
20202563625
46963708719
18892197037
16416224331
29259988
33400177506
1551310863
2205384286
4373024033
9553426045
20202563625
13242243
32559714095
3395860401
43177278109
603009496
11444054081
195841743
37721006258
28628784410
47923310525
45059537484
7414760911
6261909950
2556483078
27150322610
1260309070
21556966054
8661958982
41309316799
18263441558
988665199
47923310525
19528905200
42242617004
286408610
6638121525
12982677971
26425837537
48891793866
37721006258
378100815
23614539284
3395860401
27883326774
13242243
19528905200
6638121525
17028580634
3395860401
45499905
35976673108
5908179568
15223385178
28628784410
24304354974
42242617004
9553426045
134248787
3158496293
17643525836
286408610
6638121525
18892197037
27883326774
2378955485
36845499184
603009496
728111835
49860550205
45499905
728111835
10021383380
6638121525
32559714095
20877582735
16416224331
49860550205
29259988
42242617004
1705735719
45499905
44113473000
20202563625
8661958982
22241424473
11444054081
22926830809
38606559088
4633639150
3881176612
23614539284
19528905200
3158496293
18263441558
286408610
48891793866
35114385378
10021383380
286408610
77895008
33400177506
8661958982
11444054081
286408610
44113473000
34252873292
1551310863
4925446206
18263441558
43177278109
36845499184
2936828659
35976673108
4373024033
23614539284
25702538202
24997394654
9553426045
18263441558
4373024033
18892197037
3881176612
22926830809
603009496
39492177697
13522452029
1551310863
13242243
9553426045
1260309070
3395860401
8661958982
286408610
46009466459
15223385178
5228453833
2740304660
26425837537
43177278109
39492177697
854722964
2032252914
3158496293
1705735719
8661958982
45499905
46009466459
5559325068
2205384286
39492177697
134248787
4373024033
9553426045
45499905
16416224331
286408610
38606559088
49860550205
27150322610
603009496
5908179568
20877582735
3158496293
2205384286
13242243
5228453833
11929337701
15223385178
38606559088
2740304660
286408610
39492177697
19528905200
19528905200
30154008692
25702538202
24997394654
36845499184
488371731
47923310525
2032252914
4125624336
603009496
2936828659
1402504645
26425837537
39492177697
24304354974
36845499184
603009496
12448441188
39492177697
7022710205
988665199
18892197037
1865171530
9102246298
6261909950
25702538202
7809902485
488371731
1402504645
286408610
36845499184
13242243
1551310863
5559325068
30154008692
29259988
35114385378
2740304660
31746743096
15811806518
3637577633
22241424473
15811806518
20877582735
2556483078
16416224331
7809902485
988665199
34252873292
195841743
15223385178
77895008
8230650055
26425837537
39492177697
488371731
10493086411
6261909950
46009466459
17028580634
1402504645
17643525836
8230650055
45059537484
37721006258
1551310863
77895008
603009496
77895008
45499905
22241424473
46009466459
286408610
13242243
37721006258
25702538202
48891793866
286408610
195841743
1402504645
14639139994
195841743
34252873292
1123427605
10021383380
134248787
13242243
18892197037
1551310863
7809902485
7022710205
3158496293
10493086411
1402504645
15223385178
7022710205
77895008
42242617004
10493086411
4633639150
43177278109
38606559088
30947021888
26425837537
2205384286
9102246298
1551310863
48891793866
30947021888
7414760911
28628784410
2205384286
1402504645
7414760911
134248787
3881176612
728111835
2556483078
35114385378
18892197037
35976673108
27883326774
728111835
2936828659
15223385178
22241424473
26425837537
21556966054
21556966054
13522452029
40395268228
10965023339
77895008
1402504645
15223385178
1865171530
23614539284
46963708719
2936828659
10021383380
9102246298
24304354974
39492177697
134248787
47923310525
14066219924
77895008
39492177697
6261909950
7022710205
2936828659
15223385178
20877582735
41309316799
286408610
24997394654
13522452029
2556483078
77895008
9102246298
20877582735
854722964
20877582735
48891793866
18263441558
14639139994
3158496293
37721006258
1123427605
4925446206
7414760911
21556966054
29259988
2032252914
25702538202
603009496
1551310863
23614539284
46963708719
6638121525
11444054081
14639139994
6638121525
35114385378
41309316799
47923310525
8230650055
21556966054
286408610
3158496293
3158496293
2032252914
25702538202
23614539284
10965023339
11444054081
5228453833
