23201782777
1669985201
276155048
15148851677
28187420386
814090136
25261280092
36553150630
11563863359
21213785743
48976492
572462457
4712297749
1357340243
8201144425
30464182833
3845565924
344113438
10626058129
16826666286
37489479005
23710569
39373245130
25981197339
20562818896
7464928660
11082382110
12048588672
2241428079
5012064506
14607771225
7831085234
5346180555
32988462302
8952678445
3593559165
13042996246
2869157917
32139972809
8576039250
42227653067
2042205466
46120373925
38427778842
5687224438
21871853629
9341855121
2652495396
1077221790
19270892905
690163307
22535612204
40323554982
35618967227
4413374547
228690979
33856646583
1215427266
31291559547
7099932115
43180958438
4117024763
6736872394
1505379279
19912703052
6379485877
482814095
27449105858
29688704295
17417442358
944164979
23876112954
44142524247
26713814602
75136018
15475000
13552330503
143641457
34731285749
41275258673
16256192131
9734570802
12537046789
14068734604
24561069590
18632917371
413049633
2440722505
184780360
6031345251
3103357638
18012651826
104940199
10170722823
7291915
28930912065
15694836306
3345221978
45128704682
1853552851
