19387905284
3303875476
49104099666
33582181563
43332261841
13792434972
5839183206
5493297145
610454707
26928020088
20074247733
507082612
17405811357
26131014175
5158710554
1282052041
3884236585
2302528968
714522892
2775316306
23818612378
8956090937
15523122571
820219164
3591088427
11216772105
23057635333
9397995680
31888938595
35296678232
25354393586
45195607530
41479441254
123639131
11700036518
24579886144
359300
6205580923
37908942091
12184961856
14931941665
14345174065
34431758926
29377046634
8113359322
28551831233
44262063557
404068900
12713641494
13246294229
322624051
4824562407
67755277
22298334195
42405180915
2449000
48111795466
1423900860
30209446016
16759707519
2085503906
18056422752
161636935
7723603369
7335979751
1723298196
38791278609
27735574844
4495834043
46140829795
23589797
1153301847
21555153027
2523626810
254327890
45061192
929784082
1569091901
36162827065
6951458497
47125412919
1892954487
10754330823
200197307
32734690471
6575981304
91337723
37035743848
8519694111
18714057267
39682444015
31046742833
40574193349
10298372337
9845283395
4184626684
1039824658
16127216306
3029637825
20814372746
